TABLE NO.     1: MCMC Bayesian Analysis: Goal Function=AVERAGE VALUE OF LIKELIHOOD FUNCTION: Problem=1 Subproblem=0 Superproblem1=0 Iteration1=0 Superproblem2=0 Iteration2=0
 ITERATION    THETA1       THETA2       THETA3       THETA4       THETA5       THETA6       SIGMA(1,1)   SIGMA(2,1)   SIGMA(2,2)   OMEGA(1,1)   OMEGA(2,1)   OMEGA(2,2)   OMEGA(3,1)   OMEGA(3,2)   OMEGA(3,3)   OMEGA(4,1)   OMEGA(4,2)   OMEGA(4,3)   OMEGA(4,4)   MCMCOBJ
        -5000 -5.74219E-01  5.67154E+00  1.03569E+00  2.41770E-01 -1.13632E+01  5.11273E+00  4.00000E-02  0.00000E+00  4.00000E-02  9.00000E-02  0.00000E+00  9.00000E-02  0.00000E+00  1.00000E-02  9.00000E-02  0.00000E+00  1.00000E-02  1.00000E-02  9.00000E-02    112801321.20184627
        -4999 -5.74219E-01  5.67154E+00  1.03569E+00  3.08137E-01 -1.13632E+01  4.79785E+00  3.69802E+01  0.00000E+00  3.79065E+01  7.49641E-02  0.00000E+00  1.16934E-01  0.00000E+00  1.21870E-02  1.69281E-01  0.00000E+00  2.46519E-02  7.12447E-03  2.08021E-01    68920.241266716926
        -4998 -5.74219E-01  5.67154E+00  1.03569E+00  4.21112E-01 -1.13632E+01  4.79785E+00  8.39833E+02  0.00000E+00  4.40480E+03  7.95145E-02  0.00000E+00  1.62971E-01  0.00000E+00  2.39275E-02  1.83946E-01  0.00000E+00  6.51425E-02  1.05936E-02  3.03270E-01    4884.6018229985657
        -4997 -5.74219E-01  5.67154E+00  1.03569E+00  5.38955E-01 -1.13632E+01  4.79785E+00  6.41796E+02  0.00000E+00  6.09069E+03  8.04282E-02  0.00000E+00  1.54869E-01  0.00000E+00 -1.13483E-02  1.85044E-01  0.00000E+00  7.00178E-02  1.72942E-02  3.04373E-01    4954.8112313115817
        -4996 -5.74219E-01  5.67154E+00  1.03569E+00  5.38955E-01 -1.13632E+01  4.79785E+00  1.05656E+03  0.00000E+00  6.60761E+03  6.99323E-02  0.00000E+00  1.48321E-01  0.00000E+00 -3.42612E-03  2.08324E-01  0.00000E+00  5.89085E-02  5.14661E-02  2.95767E-01    4932.8299680474529
        -4995 -5.74219E-01  5.67154E+00  1.03569E+00  5.38955E-01 -1.13632E+01  4.80835E+00  7.49243E+02  0.00000E+00  5.82679E+03  7.36426E-02  0.00000E+00  1.41022E-01  0.00000E+00  1.53706E-02  2.19128E-01  0.00000E+00  4.60660E-02  8.09583E-02  3.22790E-01    5022.0599419023929
        -4994 -5.47242E-01  5.67154E+00  1.03569E+00  5.38955E-01 -1.13632E+01  3.98421E+00  1.41789E+03  0.00000E+00  5.56987E+03  9.20681E-02  0.00000E+00  1.55523E-01  0.00000E+00  1.94162E-02  2.83621E-01  0.00000E+00  6.92013E-02  9.94503E-02  3.92744E-01    5087.2487676800865
        -4993 -5.47242E-01  5.67154E+00  1.03569E+00  5.44964E-01 -1.13632E+01  3.98421E+00  1.39344E+03  0.00000E+00  5.36256E+03  8.45563E-02  0.00000E+00  1.59554E-01  0.00000E+00  1.54905E-02  2.38031E-01  0.00000E+00  8.91918E-02  1.12839E-01  4.52776E-01    5040.9348602323471
        -4992 -5.47242E-01  5.67154E+00  1.03569E+00  6.04698E-01 -1.13632E+01  3.98421E+00  2.01367E+03  0.00000E+00  5.53427E+03  8.18120E-02  0.00000E+00  2.00040E-01  0.00000E+00  5.70855E-02  2.55989E-01  0.00000E+00  1.56153E-01  1.29177E-01  5.34691E-01    5133.9053601609394
        -4991 -5.47242E-01  5.67154E+00  1.03569E+00  5.54643E-01 -1.13632E+01  3.68830E+00  1.35679E+03  0.00000E+00  5.47601E+03  9.56739E-02  0.00000E+00  1.85067E-01  0.00000E+00  2.10820E-02  2.36982E-01  0.00000E+00  1.26827E-01  1.39675E-01  6.50114E-01    5142.2574943820155
        -4990 -5.47242E-01  5.67154E+00  1.03569E+00  6.64881E-01 -1.13632E+01  3.75581E+00  7.58368E+02  0.00000E+00  5.53698E+03  8.70613E-02  0.00000E+00  2.00647E-01  0.00000E+00  5.63663E-02  2.72744E-01  0.00000E+00  1.77408E-01  2.51181E-01  8.97509E-01    5073.9439910982464
        -4989 -5.47242E-01  5.67154E+00  1.03569E+00  6.64881E-01 -1.13632E+01  3.75581E+00  8.20279E+02  0.00000E+00  4.74356E+03  8.79298E-02  0.00000E+00  1.78702E-01  0.00000E+00  1.98997E-02  2.02796E-01  0.00000E+00  1.68923E-01  2.31970E-01  8.71933E-01    4886.8448011396667
        -4988 -5.47242E-01  5.67154E+00  1.03569E+00  4.84021E-01 -1.13632E+01  3.75581E+00  8.83158E+02  0.00000E+00  4.31759E+03  7.52769E-02  0.00000E+00  1.52088E-01  0.00000E+00  3.06841E-02  1.89026E-01  0.00000E+00  1.30133E-01  2.08116E-01  7.95283E-01    4858.7455378797931
        -4987 -5.47242E-01  5.67154E+00  1.03569E+00  4.84021E-01 -1.13632E+01  3.75581E+00  9.17363E+02  0.00000E+00  4.41014E+03  7.21047E-02  0.00000E+00  1.48931E-01  0.00000E+00  3.38564E-02  1.93919E-01  0.00000E+00  1.62566E-01  2.12746E-01  9.41478E-01    4868.6678643444338
        -4986 -5.46816E-01  5.67154E+00  1.03569E+00  5.15365E-01 -1.13632E+01  3.70541E+00  1.38682E+03  0.00000E+00  4.08720E+03  6.66896E-02  0.00000E+00  1.41661E-01  0.00000E+00  4.53417E-03  1.84692E-01  0.00000E+00  1.31794E-01  2.13915E-01  1.10493E+00    4873.1838770725326
        -4985 -5.46816E-01  5.67154E+00  1.03569E+00  4.38510E-01 -1.13632E+01  3.70541E+00  9.09590E+02  0.00000E+00  4.57206E+03  7.03563E-02  0.00000E+00  1.50233E-01  0.00000E+00  1.99264E-02  1.88818E-01  0.00000E+00  2.65865E-01  2.26305E-01  1.44722E+00    4935.3924587562515
        -4984 -5.43667E-01  5.69465E+00  1.02917E+00  5.96979E-01 -1.14239E+01  3.60570E+00  7.29884E+02  0.00000E+00  4.22855E+03  6.29287E-02  0.00000E+00  1.73070E-01  0.00000E+00  2.64543E-02  1.63413E-01  0.00000E+00  3.10786E-01  2.57662E-01  1.68834E+00    4756.0592431708801
        -4983 -5.43667E-01  5.69465E+00  1.02917E+00  5.96979E-01 -1.14239E+01  3.60570E+00  1.18279E+03  0.00000E+00  3.70926E+03  6.05070E-02  0.00000E+00  1.46193E-01  0.00000E+00  1.96204E-02  1.72919E-01  0.00000E+00  2.60620E-01  2.64487E-01  1.58021E+00    4666.7488027785212
        -4982 -5.36354E-01  5.69465E+00  1.02917E+00  6.46773E-01 -1.15798E+01  3.58488E+00  1.19113E+03  0.00000E+00  3.38685E+03  6.65663E-02  0.00000E+00  1.36775E-01  0.00000E+00  1.69994E-02  1.21082E-01  0.00000E+00  2.54642E-01  2.17784E-01  1.56409E+00    4629.6912703361841
        -4981 -5.33628E-01  5.69465E+00  1.02917E+00  6.46773E-01 -1.15798E+01  3.58488E+00  1.35457E+03  0.00000E+00  2.83913E+03  6.08182E-02  0.00000E+00  1.52080E-01  0.00000E+00  1.09711E-02  1.26383E-01  0.00000E+00  2.71456E-01  2.07249E-01  1.53429E+00    4633.1804544681645
        -4980 -5.33628E-01  5.69465E+00  1.02917E+00  6.46773E-01 -1.15798E+01  3.65077E+00  1.04984E+03  0.00000E+00  2.91883E+03  5.01668E-02  0.00000E+00  1.31312E-01  0.00000E+00  6.96360E-03  1.36084E-01  0.00000E+00  2.77595E-01  2.32487E-01  1.62268E+00    4513.6085719132288
        -4979 -5.33628E-01  5.69465E+00  1.02917E+00  6.46773E-01 -1.15798E+01  3.52749E+00  2.35375E+03  0.00000E+00  2.83430E+03  3.75772E-02  0.00000E+00  1.28221E-01  0.00000E+00  1.99252E-02  1.42120E-01  0.00000E+00  3.35066E-01  3.48915E-01  2.32636E+00    4479.8180771120224
        -4978 -5.22636E-01  5.69465E+00  1.02917E+00  6.46773E-01 -1.15798E+01  3.52749E+00  2.17020E+03  0.00000E+00  3.04128E+03  4.02168E-02  0.00000E+00  1.35004E-01  0.00000E+00 -3.51631E-03  1.33415E-01  0.00000E+00  3.13543E-01  2.57603E-01  1.95400E+00    4429.4354759234948
        -4977 -5.22636E-01  5.69465E+00  1.02917E+00  6.46773E-01 -1.15798E+01  3.32939E+00  3.13198E+03  0.00000E+00  2.84910E+03  3.71045E-02  0.00000E+00  1.17438E-01  0.00000E+00  2.31113E-02  1.33347E-01  0.00000E+00  3.55227E-01  3.46210E-01  2.36957E+00    4468.8211775071923
        -4976 -5.22636E-01  5.69465E+00  1.02917E+00  6.46773E-01 -1.15798E+01  3.32939E+00  2.57949E+03  0.00000E+00  2.73585E+03  4.74096E-02  0.00000E+00  1.35049E-01  0.00000E+00  2.55868E-02  1.49619E-01  0.00000E+00  3.87063E-01  3.90283E-01  2.47862E+00    4506.3928228972891
        -4975 -5.30233E-01  5.69465E+00  1.02917E+00  6.46773E-01 -1.15798E+01  3.32939E+00  1.94781E+03  0.00000E+00  2.62058E+03  4.10305E-02  0.00000E+00  1.50137E-01  0.00000E+00  4.25660E-02  1.60141E-01  0.00000E+00  5.06336E-01  4.43774E-01  3.00049E+00    4503.3621696271703
        -4974 -5.30233E-01  5.69465E+00  1.02917E+00  6.36545E-01 -1.15798E+01  3.32939E+00  1.95190E+03  0.00000E+00  2.77149E+03  4.21643E-02  0.00000E+00  1.44214E-01  0.00000E+00  3.53296E-02  1.46626E-01  0.00000E+00  4.77178E-01  3.40121E-01  2.61790E+00    4539.6149586634274
        -4973 -5.22785E-01  5.69465E+00  1.02917E+00  5.31895E-01 -1.15798E+01  3.31032E+00  1.88176E+03  0.00000E+00  2.67798E+03  4.42286E-02  0.00000E+00  1.64542E-01  0.00000E+00  4.31755E-02  1.21899E-01  0.00000E+00  4.74413E-01  3.19402E-01  2.43799E+00    4481.1005878607257
        -4972 -5.22785E-01  5.69465E+00  1.02917E+00  5.31895E-01 -1.15798E+01  3.25534E+00  1.55614E+03  0.00000E+00  2.81099E+03  4.52081E-02  0.00000E+00  1.64916E-01  0.00000E+00  5.97142E-02  1.25788E-01  0.00000E+00  4.86558E-01  3.68413E-01  2.64811E+00    4599.0815384090929
        -4971 -5.19422E-01  5.69465E+00  1.02917E+00  4.37403E-01 -1.15798E+01  3.40020E+00  1.50706E+03  0.00000E+00  2.86152E+03  5.75335E-02  0.00000E+00  1.38597E-01  0.00000E+00  4.49450E-02  1.49735E-01  0.00000E+00  4.12895E-01  4.05324E-01  2.71153E+00    4618.1677804977580
        -4970 -5.19422E-01  5.69465E+00  1.02917E+00  4.37403E-01 -1.15798E+01  3.27925E+00  1.28946E+03  0.00000E+00  2.83198E+03  5.89166E-02  0.00000E+00  1.47730E-01  0.00000E+00  3.63264E-02  1.95772E-01  0.00000E+00  4.58890E-01  4.79236E-01  3.09958E+00    4634.7202282846720
        -4969 -5.14273E-01  5.69465E+00  1.02917E+00  5.45052E-01 -1.15798E+01  3.27925E+00  9.84562E+02  0.00000E+00  2.62712E+03  5.62273E-02  0.00000E+00  1.25372E-01  0.00000E+00  4.48168E-02  1.66617E-01  0.00000E+00  4.17855E-01  4.35149E-01  3.13280E+00    4679.9806069066390
        -4968 -5.04863E-01  5.69465E+00  1.02917E+00  5.45052E-01 -1.15798E+01  3.27925E+00  1.55061E+03  0.00000E+00  3.02442E+03  5.80401E-02  0.00000E+00  1.24350E-01  0.00000E+00  7.87454E-02  2.20441E-01  0.00000E+00  4.74690E-01  6.09077E-01  3.52462E+00    4665.9846266771092
        -4967 -4.92019E-01  5.69465E+00  1.02917E+00  5.20608E-01 -1.15798E+01  3.25482E+00  1.57990E+03  0.00000E+00  2.58617E+03  5.96215E-02  0.00000E+00  1.48303E-01  0.00000E+00  9.47896E-02  2.33838E-01  0.00000E+00  5.79994E-01  6.41096E-01  3.79239E+00    4702.4018029503850
        -4966 -4.80062E-01  5.69465E+00  1.02917E+00  5.20608E-01 -1.15798E+01  3.25482E+00  1.12865E+03  0.00000E+00  2.46678E+03  5.90377E-02  0.00000E+00  1.52684E-01  0.00000E+00  9.03452E-02  1.95380E-01  0.00000E+00  5.70059E-01  6.05475E-01  3.79037E+00    4581.5630445925235
        -4965 -4.80062E-01  5.69465E+00  1.02917E+00  5.22318E-01 -1.15798E+01  3.25482E+00  1.04892E+03  0.00000E+00  2.59422E+03  6.28199E-02  0.00000E+00  1.52539E-01  0.00000E+00  1.05333E-01  2.04595E-01  0.00000E+00  5.88130E-01  7.09211E-01  4.12512E+00    4628.4628710064480
        -4964 -4.80062E-01  5.69465E+00  1.02917E+00  4.59033E-01 -1.15798E+01  3.34346E+00  1.32390E+03  0.00000E+00  2.21085E+03  5.88621E-02  0.00000E+00  1.38974E-01  0.00000E+00  8.86640E-02  2.04537E-01  0.00000E+00  5.67145E-01  7.22399E-01  4.51287E+00    4579.8164659242702
        -4963 -4.80062E-01  5.69465E+00  1.02917E+00  4.19943E-01 -1.15798E+01  3.38053E+00  1.50800E+03  0.00000E+00  2.41285E+03  8.08928E-02  0.00000E+00  1.44372E-01  0.00000E+00  7.45936E-02  1.71785E-01  0.00000E+00  4.88861E-01  6.02013E-01  4.13924E+00    4709.3064207338430
        -4962 -4.80062E-01  5.69465E+00  1.02917E+00  5.78591E-01 -1.15798E+01  3.67605E+00  1.74593E+03  0.00000E+00  2.32095E+03  9.69046E-02  0.00000E+00  1.13489E-01  0.00000E+00  6.88543E-02  1.59612E-01  0.00000E+00  4.20988E-01  5.60862E-01  3.70984E+00    4733.5286411204497
        -4961 -4.80062E-01  5.69465E+00  1.02917E+00  5.78591E-01 -1.15798E+01  3.85875E+00  1.74758E+03  0.00000E+00  2.11584E+03  9.82110E-02  0.00000E+00  1.32891E-01  0.00000E+00  7.07426E-02  1.84896E-01  0.00000E+00  4.97257E-01  6.19966E-01  4.24678E+00    4756.4252217018720
        -4960 -4.80062E-01  5.69465E+00  1.02917E+00  5.78591E-01 -1.15798E+01  3.85875E+00  2.38358E+03  0.00000E+00  2.48211E+03  9.63488E-02  0.00000E+00  1.23176E-01  0.00000E+00  8.20130E-02  1.92193E-01  0.00000E+00  4.38869E-01  6.47418E-01  3.94406E+00    4728.6513887608644
        -4959 -4.80062E-01  5.69465E+00  1.02917E+00  6.45621E-01 -1.15798E+01  3.85875E+00  2.11601E+03  0.00000E+00  2.45570E+03  8.34902E-02  0.00000E+00  1.16185E-01  0.00000E+00  7.20321E-02  1.40285E-01  0.00000E+00  4.13973E-01  5.40193E-01  4.21509E+00    4660.2099597447987
        -4958 -4.80062E-01  5.69465E+00  1.02917E+00  6.45621E-01 -1.15798E+01  4.08453E+00  2.79359E+03  0.00000E+00  2.39840E+03  8.82182E-02  0.00000E+00  8.73864E-02  0.00000E+00  5.50206E-02  1.38541E-01  0.00000E+00  3.54246E-01  5.08800E-01  4.21450E+00    4600.0853896983253
        -4957 -4.80062E-01  5.69465E+00  1.02917E+00  7.62358E-01 -1.15689E+01  3.92793E+00  2.28400E+03  0.00000E+00  2.25323E+03  7.19791E-02  0.00000E+00  1.03381E-01  0.00000E+00  6.76851E-02  1.43488E-01  0.00000E+00  4.60402E-01  6.60912E-01  5.46204E+00    4601.4630118941832
        -4956 -4.80062E-01  5.69465E+00  1.02917E+00  7.47147E-01 -1.15689E+01  4.13019E+00  1.47525E+03  0.00000E+00  2.13354E+03  5.96006E-02  0.00000E+00  9.68449E-02  0.00000E+00  6.56783E-02  1.50819E-01  0.00000E+00  3.74975E-01  6.71996E-01  5.62025E+00    4649.5930137909118
        -4955 -4.80062E-01  5.69465E+00  1.02917E+00  7.47147E-01 -1.15689E+01  4.13019E+00  1.30489E+03  0.00000E+00  2.18049E+03  6.89819E-02  0.00000E+00  1.11153E-01  0.00000E+00  6.01525E-02  1.41646E-01  0.00000E+00  3.69808E-01  6.59111E-01  5.67592E+00    4699.2826514038743
        -4954 -4.80062E-01  5.69465E+00  1.02917E+00  7.47147E-01 -1.15689E+01  4.13019E+00  1.08469E+03  0.00000E+00  2.26267E+03  7.34708E-02  0.00000E+00  1.18368E-01  0.00000E+00  7.55221E-02  1.60141E-01  0.00000E+00  4.82261E-01  7.58305E-01  7.16051E+00    4694.2374167527560
        -4953 -4.62364E-01  5.69465E+00  1.02917E+00  7.01550E-01 -1.15689E+01  4.12396E+00  1.05833E+03  0.00000E+00  2.09105E+03  7.15039E-02  0.00000E+00  9.82804E-02  0.00000E+00  6.28052E-02  1.54074E-01  0.00000E+00  3.73555E-01  6.21950E-01  6.15620E+00    4575.6093526533368
        -4952 -4.62364E-01  5.69465E+00  1.02917E+00  7.01550E-01 -1.15689E+01  3.85001E+00  7.66732E+02  0.00000E+00  1.84039E+03  7.56822E-02  0.00000E+00  1.05029E-01  0.00000E+00  8.16200E-02  1.75129E-01  0.00000E+00  3.66528E-01  6.36086E-01  4.97038E+00    4656.2237195909338
        -4951 -4.60531E-01  5.69465E+00  1.02917E+00  7.01550E-01 -1.15689E+01  4.12142E+00  1.01197E+03  0.00000E+00  2.13229E+03  7.94563E-02  0.00000E+00  1.03550E-01  0.00000E+00  8.67562E-02  1.83520E-01  0.00000E+00  3.75680E-01  6.94574E-01  5.20481E+00    4691.7768601039088
          -50 -5.79739E-01  5.90247E+00  9.26409E-01  4.81825E-01 -1.15168E+01  5.10096E+00  1.48479E+03  0.00000E+00  2.00889E+03  8.41887E-03  0.00000E+00  1.00455E-01  0.00000E+00  5.68177E-02  4.96759E-02  0.00000E+00  5.47019E-02  1.27892E-01  5.69552E+00    3777.8245143216509
          -49 -5.82062E-01  5.89203E+00  9.27253E-01  5.12704E-01 -1.15323E+01  5.06230E+00  9.60709E+02  0.00000E+00  2.12395E+03  8.68925E-03  0.00000E+00  9.97882E-02  0.00000E+00  5.63420E-02  4.75255E-02  0.00000E+00  4.72733E-02  1.12619E-01  6.00848E+00    3792.3987500896492
          -48 -6.08432E-01  5.87516E+00  9.27161E-01  4.89437E-01 -1.15098E+01  6.94134E+00  1.30717E+03  0.00000E+00  1.80453E+03  7.06529E-03  0.00000E+00  1.11369E-01  0.00000E+00  6.33339E-02  5.14498E-02  0.00000E+00  2.52407E-02  1.16010E-01  5.47996E+00    3666.7780453985738
          -47 -6.14373E-01  5.86399E+00  9.27896E-01  4.55562E-01 -1.15190E+01  6.82876E+00  1.46254E+03  0.00000E+00  2.21370E+03  7.12924E-03  0.00000E+00  1.04051E-01  0.00000E+00  5.74170E-02  4.53115E-02  0.00000E+00  2.16490E-03  8.12695E-02  4.18033E+00    3684.9373712856222
          -46 -5.67027E-01  5.90251E+00  9.26852E-01  4.92482E-01 -1.15903E+01  5.65115E+00  9.00015E+02  0.00000E+00  2.25875E+03  6.37587E-03  0.00000E+00  1.16345E-01  0.00000E+00  6.04872E-02  4.90506E-02  0.00000E+00  4.13381E-02  1.28990E-01  4.05258E+00    3683.2938695242824
          -45 -6.05076E-01  5.87414E+00  9.27245E-01  4.77857E-01 -1.15157E+01  5.50201E+00  9.79763E+02  0.00000E+00  2.04841E+03  5.91957E-03  0.00000E+00  1.46369E-01  0.00000E+00  7.99423E-02  5.79710E-02  0.00000E+00  2.17549E-02  9.69805E-02  3.47893E+00    3726.5517879714580
          -44 -6.08227E-01  5.86882E+00  9.25902E-01  4.05900E-01 -1.15233E+01  5.54303E+00  1.19134E+03  0.00000E+00  2.14167E+03  6.28252E-03  0.00000E+00  1.45210E-01  0.00000E+00  7.84406E-02  5.80744E-02  0.00000E+00  5.19415E-02  1.22793E-01  4.06535E+00    3720.9134766330058
          -43 -6.23732E-01  5.85001E+00  9.27041E-01  4.16006E-01 -1.15178E+01  5.42635E+00  1.22593E+03  0.00000E+00  1.96168E+03  6.90615E-03  0.00000E+00  1.44331E-01  0.00000E+00  8.55718E-02  6.88328E-02  0.00000E+00  2.87363E-02  1.34806E-01  4.05719E+00    3726.7459179256798
          -42 -6.26118E-01  5.85219E+00  9.27421E-01  4.28169E-01 -1.14760E+01  5.49451E+00  9.92585E+02  0.00000E+00  2.14129E+03  6.22320E-03  0.00000E+00  1.77076E-01  0.00000E+00  1.09406E-01  8.63032E-02  0.00000E+00  1.32998E-01  2.34205E-01  4.97871E+00    3781.3459479838370
          -41 -6.21082E-01  5.85416E+00  9.27969E-01  4.46411E-01 -1.14622E+01  5.69256E+00  1.05223E+03  0.00000E+00  2.16613E+03  5.80616E-03  0.00000E+00  1.40421E-01  0.00000E+00  9.34280E-02  7.84194E-02  0.00000E+00  1.81824E-01  2.39469E-01  5.20173E+00    3848.4900455405200
          -40 -6.25531E-01  5.85281E+00  9.28128E-01  4.99763E-01 -1.15368E+01  5.73130E+00  1.46194E+03  0.00000E+00  2.03721E+03  7.85930E-03  0.00000E+00  1.32356E-01  0.00000E+00  8.60952E-02  7.53487E-02  0.00000E+00  1.43311E-01  2.44387E-01  5.93969E+00    3808.9993067129740
          -39 -6.45550E-01  5.83424E+00  9.27832E-01  4.25429E-01 -1.14830E+01  5.73181E+00  7.98067E+02  0.00000E+00  1.97434E+03  7.51386E-03  0.00000E+00  1.35717E-01  0.00000E+00  9.60674E-02  9.15517E-02  0.00000E+00  8.00124E-02  2.57481E-01  5.82351E+00    3842.0067301304643
          -38 -6.52366E-01  5.82266E+00  9.27655E-01  4.06250E-01 -1.14686E+01  5.49575E+00  1.77504E+03  0.00000E+00  1.77718E+03  8.31739E-03  0.00000E+00  1.35624E-01  0.00000E+00  9.29324E-02  8.83559E-02  0.00000E+00 -3.63746E-03  2.14484E-01  5.82108E+00    3778.2939476825882
          -37 -6.33210E-01  5.83616E+00  9.26530E-01  4.64723E-01 -1.14995E+01  5.63097E+00  1.61165E+03  0.00000E+00  1.79291E+03  8.46299E-03  0.00000E+00  1.07392E-01  0.00000E+00  7.11435E-02  7.16153E-02  0.00000E+00 -2.69383E-02  1.38841E-01  4.50264E+00    3782.7869250859012
          -36 -6.55102E-01  5.82455E+00  9.26423E-01  5.71628E-01 -1.14439E+01  5.53051E+00  1.10919E+03  0.00000E+00  2.07685E+03  8.19851E-03  0.00000E+00  9.07414E-02  0.00000E+00  6.29227E-02  6.90608E-02  0.00000E+00 -7.43092E-02  1.38225E-01  5.16056E+00    3877.7669326921991
          -35 -6.57048E-01  5.82684E+00  9.24792E-01  5.71588E-01 -1.14449E+01  5.94710E+00  1.56914E+03  0.00000E+00  1.94460E+03  7.48366E-03  0.00000E+00  9.39439E-02  0.00000E+00  6.66666E-02  7.72645E-02  0.00000E+00 -8.96137E-02  1.67990E-01  7.13006E+00    3889.3789908134868
          -34 -6.38285E-01  5.84994E+00  9.22236E-01  5.66594E-01 -1.14444E+01  5.48624E+00  9.53561E+02  0.00000E+00  1.97073E+03  6.39133E-03  0.00000E+00  1.09054E-01  0.00000E+00  6.11617E-02  5.87449E-02  0.00000E+00 -2.70193E-01  1.91965E-02  6.46540E+00    3826.6884991527304
          -33 -6.26341E-01  5.86253E+00  9.23446E-01  5.16720E-01 -1.14585E+01  5.61148E+00  1.19141E+03  0.00000E+00  2.06897E+03  7.62252E-03  0.00000E+00  1.09445E-01  0.00000E+00  6.44421E-02  6.50798E-02  0.00000E+00 -2.45783E-01  1.35607E-02  5.72815E+00    3874.6895998217606
          -32 -6.23375E-01  5.86833E+00  9.23651E-01  5.35722E-01 -1.15037E+01  5.54861E+00  8.78830E+02  0.00000E+00  2.08270E+03  8.81087E-03  0.00000E+00  1.31862E-01  0.00000E+00  7.65122E-02  7.34281E-02  0.00000E+00 -2.95982E-01  9.84062E-03  6.06007E+00    4059.7649523643895
          -31 -6.39184E-01  5.85585E+00  9.23639E-01  5.59265E-01 -1.14535E+01  5.70708E+00  1.09356E+03  0.00000E+00  2.25366E+03  7.70033E-03  0.00000E+00  1.52144E-01  0.00000E+00  8.49772E-02  7.22001E-02  0.00000E+00 -3.82215E-01 -3.24833E-02  7.23927E+00    4035.5818579485203
          -30 -6.28730E-01  5.86042E+00  9.23625E-01  5.71369E-01 -1.14673E+01  5.65045E+00  7.28116E+02  0.00000E+00  2.11363E+03  9.03968E-03  0.00000E+00  1.61453E-01  0.00000E+00  8.99226E-02  7.52249E-02  0.00000E+00 -4.40664E-01 -7.84238E-02  6.62643E+00    3930.5262189000732
          -29 -6.35757E-01  5.85310E+00  9.24128E-01  5.23342E-01 -1.14420E+01  5.80681E+00  8.53817E+02  0.00000E+00  1.95623E+03  8.74291E-03  0.00000E+00  1.37452E-01  0.00000E+00  8.45656E-02  7.37945E-02  0.00000E+00 -4.13631E-01 -1.53542E-01  5.65411E+00    3916.4709550838143
          -28 -6.10548E-01  5.87212E+00  9.24950E-01  5.55585E-01 -1.14805E+01  6.14738E+00  1.05280E+03  0.00000E+00  1.93885E+03  1.02636E-02  0.00000E+00  1.31397E-01  0.00000E+00  8.14845E-02  7.43911E-02  0.00000E+00 -5.10295E-01 -2.06705E-01  6.62066E+00    3918.3582404033232
          -27 -6.04162E-01  5.88227E+00  9.24433E-01  5.30306E-01 -1.15346E+01  5.82281E+00  9.47324E+02  0.00000E+00  2.12262E+03  1.03412E-02  0.00000E+00  1.46775E-01  0.00000E+00  8.60011E-02  7.49572E-02  0.00000E+00 -4.88354E-01 -1.88644E-01  5.60228E+00    3923.2763870109152
          -26 -6.03891E-01  5.88125E+00  9.23619E-01  4.84294E-01 -1.15701E+01  5.83168E+00  1.17936E+03  0.00000E+00  1.92883E+03  9.24889E-03  0.00000E+00  1.37127E-01  0.00000E+00  8.57627E-02  7.50510E-02  0.00000E+00 -3.79063E-01 -1.26602E-01  5.46442E+00    3896.9989841218353
          -25 -6.12183E-01  5.88785E+00  9.22401E-01  4.80580E-01 -1.15643E+01  5.75800E+00  1.38666E+03  0.00000E+00  2.11132E+03  1.13691E-02  0.00000E+00  1.11863E-01  0.00000E+00  6.04630E-02  5.36073E-02  0.00000E+00 -4.33021E-01 -1.37799E-01  6.80337E+00    3945.1869529691535
          -24 -6.14316E-01  5.88397E+00  9.23071E-01  5.07329E-01 -1.15524E+01  5.95870E+00  1.49486E+03  0.00000E+00  2.37289E+03  1.10693E-02  0.00000E+00  1.17221E-01  0.00000E+00  6.60758E-02  5.58652E-02  0.00000E+00 -4.61560E-01 -1.49969E-01  6.14772E+00    3896.3903143925399
          -23 -6.13192E-01  5.88541E+00  9.23094E-01  5.25083E-01 -1.15347E+01  6.93400E+00  1.21558E+03  0.00000E+00  2.05310E+03  1.10279E-02  0.00000E+00  1.26455E-01  0.00000E+00  6.64880E-02  5.41851E-02  0.00000E+00 -5.23918E-01 -1.72334E-01  7.10259E+00    3910.7117886723372
          -22 -6.19558E-01  5.87549E+00  9.23457E-01  4.16483E-01 -1.16024E+01  7.61259E+00  1.12765E+03  0.00000E+00  2.14920E+03  1.19659E-02  0.00000E+00  1.12376E-01  0.00000E+00  6.54499E-02  5.74603E-02  0.00000E+00 -4.49976E-01 -1.44644E-01  7.26885E+00    3922.3676501005361
          -21 -6.23709E-01  5.87298E+00  9.23960E-01  5.41011E-01 -1.15937E+01  8.54570E+00  1.11501E+03  0.00000E+00  1.80286E+03  1.52280E-02  0.00000E+00  9.78286E-02  0.00000E+00  5.64088E-02  5.88460E-02  0.00000E+00 -3.48946E-01 -2.71311E-02  8.07841E+00    3934.2807831189025
          -20 -6.60306E-01  5.82781E+00  9.26551E-01  4.64752E-01 -1.15203E+01  8.37504E+00  1.21684E+03  0.00000E+00  2.03092E+03  1.37340E-02  0.00000E+00  1.07043E-01  0.00000E+00  5.88374E-02  5.24165E-02  0.00000E+00 -2.91730E-01 -7.74497E-02  5.91245E+00    3946.6650342858934
          -19 -6.49750E-01  5.84083E+00  9.26009E-01  3.72316E-01 -1.15605E+01  6.56200E+00  1.05121E+03  0.00000E+00  1.91805E+03  1.21316E-02  0.00000E+00  9.78729E-02  0.00000E+00  5.90688E-02  5.98926E-02  0.00000E+00 -3.85280E-01 -1.43879E-01  6.96076E+00    4002.7300113894830
          -18 -6.58836E-01  5.81605E+00  9.28951E-01  4.21947E-01 -1.14672E+01  6.23758E+00  1.23480E+03  0.00000E+00  1.90662E+03  1.21315E-02  0.00000E+00  9.79361E-02  0.00000E+00  5.93670E-02  6.24309E-02  0.00000E+00 -3.30403E-01 -1.10540E-01  7.55557E+00    3958.5178058816391
          -17 -6.60638E-01  5.81591E+00  9.29109E-01  5.00322E-01 -1.14795E+01  6.22916E+00  7.86862E+02  0.00000E+00  1.99970E+03  1.31109E-02  0.00000E+00  7.63041E-02  0.00000E+00  5.02643E-02  5.55856E-02  0.00000E+00 -2.22616E-01 -7.63792E-02  6.49629E+00    3951.6427237755561
          -16 -6.16808E-01  5.85336E+00  9.28689E-01  5.72294E-01 -1.14944E+01  5.85594E+00  8.70781E+02  0.00000E+00  1.92619E+03  1.50273E-02  0.00000E+00  8.98867E-02  0.00000E+00  6.07337E-02  6.04324E-02  0.00000E+00 -2.43036E-01 -1.19923E-01  6.37709E+00    3935.1129677063104
          -15 -6.06666E-01  5.86335E+00  9.28109E-01  6.13227E-01 -1.15463E+01  6.05345E+00  1.12056E+03  0.00000E+00  2.07518E+03  1.16279E-02  0.00000E+00  8.68280E-02  0.00000E+00  5.56475E-02  5.72791E-02  0.00000E+00 -1.60941E-01 -7.71220E-02  5.73463E+00    3886.3980106545810
          -14 -6.16459E-01  5.84978E+00  9.28084E-01  5.94276E-01 -1.15561E+01  6.05347E+00  1.17522E+03  0.00000E+00  1.83747E+03  1.24287E-02  0.00000E+00  9.20715E-02  0.00000E+00  6.02959E-02  6.18852E-02  0.00000E+00 -2.21215E-01 -1.31971E-01  4.98000E+00    3794.4953656637990
          -13 -6.17611E-01  5.84827E+00  9.26679E-01  5.96403E-01 -1.15895E+01  6.28376E+00  8.69305E+02  0.00000E+00  1.81605E+03  9.73264E-03  0.00000E+00  7.55143E-02  0.00000E+00  5.00804E-02  5.31482E-02  0.00000E+00 -2.27515E-01 -1.49501E-01  5.06970E+00    3739.4285064582577
          -12 -6.23289E-01  5.84428E+00  9.27703E-01  6.02249E-01 -1.15786E+01  6.45382E+00  9.56137E+02  0.00000E+00  1.76738E+03  9.17484E-03  0.00000E+00  7.10168E-02  0.00000E+00  4.77245E-02  5.01973E-02  0.00000E+00 -2.62555E-01 -1.54794E-01  4.53523E+00    3694.0927071659826
          -11 -6.35327E-01  5.82832E+00  9.28714E-01  6.19280E-01 -1.15753E+01  6.70659E+00  1.20853E+03  0.00000E+00  1.75563E+03  1.03594E-02  0.00000E+00  8.15291E-02  0.00000E+00  4.85306E-02  5.19157E-02  0.00000E+00 -4.62940E-01 -2.51822E-01  7.00476E+00    3865.7953049069547
          -10 -6.21673E-01  5.84500E+00  9.27268E-01  6.56559E-01 -1.15942E+01  6.72457E+00  1.21955E+03  0.00000E+00  1.93169E+03  1.04184E-02  0.00000E+00  7.51063E-02  0.00000E+00  4.13549E-02  4.56802E-02  0.00000E+00 -4.22935E-01 -1.87863E-01  7.34408E+00    3826.7507742151633
           -9 -6.49772E-01  5.82883E+00  9.27515E-01  6.18426E-01 -1.14828E+01  6.49465E+00  1.85092E+03  0.00000E+00  1.84177E+03  9.58401E-03  0.00000E+00  6.61067E-02  0.00000E+00  3.63416E-02  4.54766E-02  0.00000E+00 -3.28071E-01 -1.30797E-01  6.54512E+00    3810.2602683474047
           -8 -6.64030E-01  5.81545E+00  9.27832E-01  6.35570E-01 -1.14646E+01  6.33250E+00  1.85561E+03  0.00000E+00  1.94973E+03  1.06498E-02  0.00000E+00  7.02667E-02  0.00000E+00  3.11758E-02  3.84402E-02  0.00000E+00 -4.17830E-01 -1.12910E-01  7.49771E+00    3868.7783829572427
           -7 -6.77552E-01  5.80405E+00  9.27927E-01  6.34943E-01 -1.14111E+01  6.40947E+00  1.02960E+03  0.00000E+00  1.81864E+03  1.37925E-02  0.00000E+00  6.49867E-02  0.00000E+00  3.59800E-02  4.51134E-02  0.00000E+00 -4.08650E-01 -2.20295E-01  7.54505E+00    3835.5825047302205
           -6 -6.78235E-01  5.80722E+00  9.26955E-01  4.54708E-01 -1.14278E+01  7.14730E+00  8.01740E+02  0.00000E+00  2.30750E+03  1.34655E-02  0.00000E+00  8.35173E-02  0.00000E+00  4.57521E-02  4.90881E-02  0.00000E+00 -4.37009E-01 -2.04792E-01  6.57498E+00    3876.4226169877793
           -5 -6.91063E-01  5.79110E+00  9.26574E-01  3.82208E-01 -1.14258E+01  7.09739E+00  1.11604E+03  0.00000E+00  1.98646E+03  1.44648E-02  0.00000E+00  8.37983E-02  0.00000E+00  4.75004E-02  5.31586E-02  0.00000E+00 -5.03197E-01 -2.40378E-01  7.60921E+00    3845.3768651933174
           -4 -7.04612E-01  5.77404E+00  9.26425E-01  1.73367E-01 -1.14559E+01  6.93856E+00  7.74659E+02  0.00000E+00  1.84554E+03  1.66516E-02  0.00000E+00  9.76958E-02  0.00000E+00  5.78217E-02  5.33903E-02  0.00000E+00 -4.49158E-01 -2.15157E-01  6.13337E+00    3805.4617565261383
           -3 -6.84894E-01  5.79580E+00  9.26003E-01  2.59266E-01 -1.14390E+01  6.80615E+00  8.52040E+02  0.00000E+00  1.63407E+03  1.38975E-02  0.00000E+00  1.15652E-01  0.00000E+00  6.78932E-02  6.03440E-02  0.00000E+00 -4.41932E-01 -2.36218E-01  5.74829E+00    3878.5803077118271
           -2 -6.86322E-01  5.79234E+00  9.26318E-01  2.57678E-01 -1.14049E+01  6.72156E+00  5.83487E+02  0.00000E+00  1.87674E+03  1.62941E-02  0.00000E+00  1.24866E-01  0.00000E+00  7.38138E-02  5.94538E-02  0.00000E+00 -4.30891E-01 -2.41505E-01  4.82022E+00    3842.4084066464293
           -1 -6.59337E-01  5.82604E+00  9.24774E-01  2.90069E-01 -1.14538E+01  6.26353E+00  1.01012E+03  0.00000E+00  1.97492E+03  1.40033E-02  0.00000E+00  1.23857E-01  0.00000E+00  6.96503E-02  5.33548E-02  0.00000E+00 -4.81008E-01 -2.78436E-01  5.14328E+00    3871.3602147661004
            0 -6.76794E-01  5.81499E+00  9.23303E-01  2.42748E-01 -1.15249E+01  6.09871E+00  1.25044E+03  0.00000E+00  2.30664E+03  1.36798E-02  0.00000E+00  1.45925E-01  0.00000E+00  9.01172E-02  6.79108E-02  0.00000E+00 -6.77478E-01 -3.88245E-01  6.29794E+00    4015.9871393093040
            1 -6.56085E-01  5.83642E+00  9.22552E-01  3.58305E-01 -1.15687E+01  5.94452E+00  2.41199E+03  0.00000E+00  2.46112E+03  1.68705E-02  0.00000E+00  1.23409E-01  0.00000E+00  6.91924E-02  5.40042E-02  0.00000E+00 -6.15065E-01 -3.40996E-01  6.96227E+00    4010.6024601307276
            2 -6.75136E-01  5.81331E+00  9.23024E-01  3.64347E-01 -1.15600E+01  5.69874E+00  1.35326E+03  0.00000E+00  2.16667E+03  1.75662E-02  0.00000E+00  1.41308E-01  0.00000E+00  7.89059E-02  5.63533E-02  0.00000E+00 -5.55952E-01 -3.18166E-01  6.02200E+00    4022.2317291472882
            3 -6.66227E-01  5.81482E+00  9.24583E-01  2.98679E-01 -1.16036E+01  5.74386E+00  1.35220E+03  0.00000E+00  2.18067E+03  1.85411E-02  0.00000E+00  1.35229E-01  0.00000E+00  7.48857E-02  5.33766E-02  0.00000E+00 -6.40573E-01 -3.57619E-01  7.80916E+00    3907.0399265775595
            4 -6.92079E-01  5.78713E+00  9.24511E-01  2.36705E-01 -1.15491E+01  5.74726E+00  9.99352E+02  0.00000E+00  2.17147E+03  1.68037E-02  0.00000E+00  1.29562E-01  0.00000E+00  6.67652E-02  4.66154E-02  0.00000E+00 -5.10912E-01 -2.77381E-01  5.57932E+00    4005.4011997392322
            5 -6.87684E-01  5.78443E+00  9.25362E-01  2.87183E-01 -1.15768E+01  5.51925E+00  7.91312E+02  0.00000E+00  2.01370E+03  1.71899E-02  0.00000E+00  1.45215E-01  0.00000E+00  7.28756E-02  4.98536E-02  0.00000E+00 -5.54528E-01 -2.94038E-01  6.66741E+00    3945.9449001825187
            6 -6.92672E-01  5.77846E+00  9.23483E-01  2.83730E-01 -1.16046E+01  5.20304E+00  5.93872E+02  0.00000E+00  2.21789E+03  1.50492E-02  0.00000E+00  1.44757E-01  0.00000E+00  6.74575E-02  4.39700E-02  0.00000E+00 -6.89512E-01 -3.17582E-01  7.46526E+00    3853.0241729939867
            7 -7.06232E-01  5.76574E+00  9.24935E-01  3.37265E-01 -1.15910E+01  5.74942E+00  9.07151E+02  0.00000E+00  2.04657E+03  1.77884E-02  0.00000E+00  1.31604E-01  0.00000E+00  5.79186E-02  3.62019E-02  0.00000E+00 -5.41497E-01 -2.18067E-01  6.21363E+00    3872.4376901755327
            8 -7.27704E-01  5.75728E+00  9.25644E-01  4.15410E-01 -1.15711E+01  5.64189E+00  1.14811E+03  0.00000E+00  2.00186E+03  1.71534E-02  0.00000E+00  1.52259E-01  0.00000E+00  6.42900E-02  3.89006E-02  0.00000E+00 -6.54149E-01 -2.17892E-01  7.40802E+00    3840.5670470094892
            9 -7.64463E-01  5.74340E+00  9.24994E-01  4.88227E-01 -1.15180E+01  5.74396E+00  1.20982E+03  0.00000E+00  1.91142E+03  1.72457E-02  0.00000E+00  1.19648E-01  0.00000E+00  5.46751E-02  3.54532E-02  0.00000E+00 -5.34192E-01 -2.13479E-01  6.75495E+00    3881.2222667545411
           10 -7.80046E-01  5.72979E+00  9.26997E-01  4.17420E-01 -1.14664E+01  5.52701E+00  9.98466E+02  0.00000E+00  1.98012E+03  1.59385E-02  0.00000E+00  1.50127E-01  0.00000E+00  5.91737E-02  3.42432E-02  0.00000E+00 -7.28974E-01 -2.61111E-01  7.72806E+00    3790.0063957187213
           11 -7.63602E-01  5.74692E+00  9.26686E-01  4.13133E-01 -1.14498E+01  5.11826E+00  8.54386E+02  0.00000E+00  1.90207E+03  1.63829E-02  0.00000E+00  1.34582E-01  0.00000E+00  4.59525E-02  2.77150E-02  0.00000E+00 -6.47216E-01 -2.18359E-01  7.00303E+00    3817.3403393485855
           12 -7.67961E-01  5.74367E+00  9.27902E-01  4.44465E-01 -1.14406E+01  4.95656E+00  6.03238E+02  0.00000E+00  1.62496E+03  1.80925E-02  0.00000E+00  1.35417E-01  0.00000E+00  5.28978E-02  3.24094E-02  0.00000E+00 -6.40395E-01 -2.39927E-01  6.56539E+00    3810.5623725184546
           13 -7.70848E-01  5.74256E+00  9.27457E-01  3.95583E-01 -1.13989E+01  4.88169E+00  8.19964E+02  0.00000E+00  1.89666E+03  1.52871E-02  0.00000E+00  1.26185E-01  0.00000E+00  5.47319E-02  3.63316E-02  0.00000E+00 -6.33754E-01 -2.86301E-01  6.75591E+00    3830.6608519596321
           14 -7.67588E-01  5.73180E+00  9.28887E-01  4.47900E-01 -1.14264E+01  4.63443E+00  1.28952E+03  0.00000E+00  1.97142E+03  1.53560E-02  0.00000E+00  1.50577E-01  0.00000E+00  6.54601E-02  4.19423E-02  0.00000E+00 -7.99487E-01 -3.59362E-01  7.75592E+00    3817.5139186690353
           15 -7.90641E-01  5.71227E+00  9.29021E-01  4.17630E-01 -1.13772E+01  4.77005E+00  8.68551E+02  0.00000E+00  1.78836E+03  1.41003E-02  0.00000E+00  1.47280E-01  0.00000E+00  6.75022E-02  4.56943E-02  0.00000E+00 -7.57031E-01 -3.29531E-01  7.49480E+00    3837.0988346326262
           16 -8.03158E-01  5.70458E+00  9.28446E-01  5.97877E-01 -1.13897E+01  4.79938E+00  9.04137E+02  0.00000E+00  1.72779E+03  1.42285E-02  0.00000E+00  1.32550E-01  0.00000E+00  6.45788E-02  4.62549E-02  0.00000E+00 -6.35713E-01 -2.81228E-01  7.42977E+00    3813.7077610982283
           17 -7.81645E-01  5.71866E+00  9.28542E-01  6.24154E-01 -1.15070E+01  5.00586E+00  7.74314E+02  0.00000E+00  1.79397E+03  1.26878E-02  0.00000E+00  1.36498E-01  0.00000E+00  6.85916E-02  4.84344E-02  0.00000E+00 -5.30753E-01 -2.76662E-01  5.82934E+00    3870.9206908605506
           18 -7.75136E-01  5.72124E+00  9.27772E-01  6.42136E-01 -1.14926E+01  4.78876E+00  8.47037E+02  0.00000E+00  1.97787E+03  1.13030E-02  0.00000E+00  1.43073E-01  0.00000E+00  7.92234E-02  5.66888E-02  0.00000E+00 -6.86601E-01 -3.83875E-01  7.71694E+00    3832.6736490426792
           19 -7.78738E-01  5.71860E+00  9.26333E-01  5.74230E-01 -1.15346E+01  5.53558E+00  1.11876E+03  0.00000E+00  2.08416E+03  1.06402E-02  0.00000E+00  1.36440E-01  0.00000E+00  6.76898E-02  4.83084E-02  0.00000E+00 -6.70447E-01 -3.33421E-01  8.13767E+00    3829.7021960479824
           20 -7.62551E-01  5.73424E+00  9.25154E-01  6.13380E-01 -1.16382E+01  5.78691E+00  1.06509E+03  0.00000E+00  2.13208E+03  1.12618E-02  0.00000E+00  1.47976E-01  0.00000E+00  7.68839E-02  5.22422E-02  0.00000E+00 -7.46825E-01 -3.80667E-01  8.93236E+00    3881.6881574629069
           21 -7.85210E-01  5.72039E+00  9.26010E-01  6.37103E-01 -1.15984E+01  5.59970E+00  1.10654E+03  0.00000E+00  2.02276E+03  1.31192E-02  0.00000E+00  1.47831E-01  0.00000E+00  7.51860E-02  5.46070E-02  0.00000E+00 -7.97918E-01 -4.01520E-01  8.87904E+00    3893.9829538257477
           22 -8.02437E-01  5.70701E+00  9.24829E-01  5.79555E-01 -1.15804E+01  5.54815E+00  8.80098E+02  0.00000E+00  2.09936E+03  1.09226E-02  0.00000E+00  1.61738E-01  0.00000E+00  7.31542E-02  4.61022E-02  0.00000E+00 -8.79423E-01 -4.15969E-01  8.80618E+00    3926.1263905464825
           23 -8.16050E-01  5.70056E+00  9.25422E-01  5.83617E-01 -1.15583E+01  5.38100E+00  8.94173E+02  0.00000E+00  2.08683E+03  1.09330E-02  0.00000E+00  1.65790E-01  0.00000E+00  7.87365E-02  4.97557E-02  0.00000E+00 -9.19958E-01 -4.38900E-01  8.98933E+00    3846.4001668764195
           24 -8.07719E-01  5.71209E+00  9.24930E-01  6.88910E-01 -1.15668E+01  5.33158E+00  6.95676E+02  0.00000E+00  2.02498E+03  1.17258E-02  0.00000E+00  1.30494E-01  0.00000E+00  6.20747E-02  4.53954E-02  0.00000E+00 -6.09690E-01 -2.67852E-01  7.09795E+00    3853.2221831821762
           25 -8.10458E-01  5.71101E+00  9.25165E-01  6.62790E-01 -1.15517E+01  5.12178E+00  7.24698E+02  0.00000E+00  1.98357E+03  1.16548E-02  0.00000E+00  1.37176E-01  0.00000E+00  5.47745E-02  3.63978E-02  0.00000E+00 -6.39207E-01 -2.59416E-01  7.44219E+00    3854.2710437084061
           26 -8.39181E-01  5.69173E+00  9.24406E-01  6.00990E-01 -1.14676E+01  5.03169E+00  1.03400E+03  0.00000E+00  2.05992E+03  1.35192E-02  0.00000E+00  1.39310E-01  0.00000E+00  5.73476E-02  3.74262E-02  0.00000E+00 -6.74417E-01 -2.58443E-01  7.42419E+00    3807.9302374021299
           27 -8.00674E-01  5.72021E+00  9.23507E-01  6.09775E-01 -1.15602E+01  4.91604E+00  1.05689E+03  0.00000E+00  1.86702E+03  1.28769E-02  0.00000E+00  1.19637E-01  0.00000E+00  5.17334E-02  3.77342E-02  0.00000E+00 -4.91042E-01 -1.64345E-01  6.15245E+00    3829.8555167450386
           28 -8.03582E-01  5.71221E+00  9.24727E-01  6.41656E-01 -1.15607E+01  4.84402E+00  1.58297E+03  0.00000E+00  1.89292E+03  1.60592E-02  0.00000E+00  1.53300E-01  0.00000E+00  6.38958E-02  4.20063E-02  0.00000E+00 -5.62590E-01 -1.95272E-01  6.41420E+00    3959.7502769480570
           29 -8.05837E-01  5.70479E+00  9.24297E-01  6.91251E-01 -1.15683E+01  4.98382E+00  1.46490E+03  0.00000E+00  1.91641E+03  1.56746E-02  0.00000E+00  1.54679E-01  0.00000E+00  6.50490E-02  4.30149E-02  0.00000E+00 -5.48688E-01 -2.00732E-01  6.16151E+00    3958.5484739543595
           30 -8.15981E-01  5.70080E+00  9.23086E-01  5.53315E-01 -1.16021E+01  5.76253E+00  2.68007E+03  0.00000E+00  1.68986E+03  1.76148E-02  0.00000E+00  1.47936E-01  0.00000E+00  6.61960E-02  4.96118E-02  0.00000E+00 -5.52132E-01 -1.82131E-01  6.31187E+00    3964.5548812449924
           31 -8.08187E-01  5.70522E+00  9.22476E-01  5.21774E-01 -1.16540E+01  6.21579E+00  1.27192E+03  0.00000E+00  1.61965E+03  1.92113E-02  0.00000E+00  1.45914E-01  0.00000E+00  6.25195E-02  4.31884E-02  0.00000E+00 -5.00692E-01 -1.50598E-01  6.29755E+00    3982.8604447886601
           32 -8.22156E-01  5.69356E+00  9.22532E-01  3.98494E-01 -1.16233E+01  6.22556E+00  1.56453E+03  0.00000E+00  1.82653E+03  2.00974E-02  0.00000E+00  1.39068E-01  0.00000E+00  6.63607E-02  4.79391E-02  0.00000E+00 -5.54706E-01 -2.04569E-01  7.82303E+00    4031.8169179899323
           33 -8.33879E-01  5.68164E+00  9.23944E-01  3.95622E-01 -1.15799E+01  5.22807E+00  1.39346E+03  0.00000E+00  1.85729E+03  1.88536E-02  0.00000E+00  1.38598E-01  0.00000E+00  6.79081E-02  4.81547E-02  0.00000E+00 -3.40189E-01 -1.03254E-01  7.61848E+00    4041.1955829690655
           34 -8.58699E-01  5.65991E+00  9.22762E-01  3.39755E-01 -1.15653E+01  5.02583E+00  1.15957E+03  0.00000E+00  1.82036E+03  1.88949E-02  0.00000E+00  1.34949E-01  0.00000E+00  6.23881E-02  4.32877E-02  0.00000E+00 -4.27120E-01 -1.34063E-01  6.88511E+00    3866.4516571714139
           35 -8.63478E-01  5.65831E+00  9.22508E-01  2.87365E-01 -1.15117E+01  5.11655E+00  1.14466E+03  0.00000E+00  1.89600E+03  1.58325E-02  0.00000E+00  1.27402E-01  0.00000E+00  5.58249E-02  3.66304E-02  0.00000E+00 -4.94328E-01 -1.51022E-01  6.37124E+00    3808.0885381529042
           36 -8.81774E-01  5.63887E+00  9.23820E-01  3.42157E-01 -1.14625E+01  4.76938E+00  1.15248E+03  0.00000E+00  1.73679E+03  1.43391E-02  0.00000E+00  1.14796E-01  0.00000E+00  4.77756E-02  3.44860E-02  0.00000E+00 -4.32151E-01 -1.00595E-01  5.58127E+00    3808.3022165064631
           37 -8.70087E-01  5.65296E+00  9.23747E-01  4.31779E-01 -1.14796E+01  4.81641E+00  1.00102E+03  0.00000E+00  1.65552E+03  1.12903E-02  0.00000E+00  1.67471E-01  0.00000E+00  7.53281E-02  5.11730E-02  0.00000E+00 -5.56605E-01 -1.64967E-01  6.20152E+00    3877.5413940563599
           38 -8.93838E-01  5.62481E+00  9.24777E-01  3.70693E-01 -1.14265E+01  4.83731E+00  1.47068E+03  0.00000E+00  1.84250E+03  1.50117E-02  0.00000E+00  1.49887E-01  0.00000E+00  6.09743E-02  4.04878E-02  0.00000E+00 -5.81497E-01 -1.55956E-01  5.94150E+00    3846.0764750681196
           39 -8.93643E-01  5.62606E+00  9.25530E-01  3.27004E-01 -1.14172E+01  5.21334E+00  1.07831E+03  0.00000E+00  1.72335E+03  1.64471E-02  0.00000E+00  1.36503E-01  0.00000E+00  5.34623E-02  3.63975E-02  0.00000E+00 -5.42101E-01 -1.41207E-01  5.62210E+00    3899.0319171974429
           40 -8.93131E-01  5.63429E+00  9.24447E-01  4.23239E-01 -1.14193E+01  5.07715E+00  9.48878E+02  0.00000E+00  1.84206E+03  1.73455E-02  0.00000E+00  1.11660E-01  0.00000E+00  4.77781E-02  4.07756E-02  0.00000E+00 -4.12978E-01 -1.74175E-02  6.13974E+00    3954.7399249072737
           41 -8.76273E-01  5.63965E+00  9.25694E-01  4.14630E-01 -1.14447E+01  4.74439E+00  1.17703E+03  0.00000E+00  2.13224E+03  1.51039E-02  0.00000E+00  1.20583E-01  0.00000E+00  5.78820E-02  4.84628E-02  0.00000E+00 -3.74939E-01  2.88827E-02  7.04225E+00    3951.6714418720621
           42 -8.53161E-01  5.65882E+00  9.24155E-01  4.16347E-01 -1.15037E+01  4.72625E+00  1.36484E+03  0.00000E+00  2.17665E+03  1.33129E-02  0.00000E+00  1.12816E-01  0.00000E+00  4.89318E-02  4.09709E-02  0.00000E+00 -4.01422E-01  2.29022E-02  6.45145E+00    3871.1177798919716
           43 -8.61586E-01  5.65937E+00  9.24296E-01  4.23787E-01 -1.15047E+01  4.55452E+00  1.06427E+03  0.00000E+00  2.07952E+03  1.15607E-02  0.00000E+00  1.04129E-01  0.00000E+00  4.09329E-02  3.35551E-02  0.00000E+00 -4.49546E-01 -5.46474E-03  7.42634E+00    3829.2937836739807
           44 -8.61442E-01  5.64909E+00  9.24855E-01  4.00064E-01 -1.14799E+01  4.29567E+00  9.01650E+02  0.00000E+00  2.17946E+03  1.04611E-02  0.00000E+00  1.07937E-01  0.00000E+00  5.19880E-02  4.48275E-02  0.00000E+00 -2.33968E-01  7.72453E-02  6.30461E+00    3922.5708320846638
           45 -8.44834E-01  5.66204E+00  9.24252E-01  2.07089E-01 -1.15728E+01  4.71743E+00  1.31715E+03  0.00000E+00  2.00352E+03  9.74303E-03  0.00000E+00  1.06134E-01  0.00000E+00  4.47161E-02  3.96705E-02  0.00000E+00 -2.54285E-01  1.03661E-01  6.53083E+00    3863.2900081060707
           46 -8.44640E-01  5.66213E+00  9.24085E-01  2.29124E-01 -1.15708E+01  4.70944E+00  1.32735E+03  0.00000E+00  2.05525E+03  1.17816E-02  0.00000E+00  1.05450E-01  0.00000E+00  5.04871E-02  4.55491E-02  0.00000E+00 -1.78602E-01  1.45512E-01  6.21847E+00    3789.7332242368461
           47 -8.64225E-01  5.64194E+00  9.24770E-01  2.50105E-01 -1.15130E+01  4.60163E+00  8.03123E+02  0.00000E+00  2.15262E+03  9.05332E-03  0.00000E+00  1.14639E-01  0.00000E+00  5.16423E-02  4.55094E-02  0.00000E+00 -1.74443E-01  1.78301E-01  6.74647E+00    3776.8872272278736
           48 -8.80578E-01  5.63113E+00  9.25461E-01  2.44568E-01 -1.14262E+01  4.65219E+00  6.47059E+02  0.00000E+00  2.02130E+03  9.86125E-03  0.00000E+00  1.06687E-01  0.00000E+00  4.43383E-02  4.17792E-02  0.00000E+00 -2.24967E-01  1.52514E-01  7.01709E+00    3865.4621678405174
           49 -8.82624E-01  5.63434E+00  9.25156E-01  2.47568E-01 -1.14917E+01  4.79495E+00  9.17636E+02  0.00000E+00  2.42525E+03  9.91982E-03  0.00000E+00  9.34208E-02  0.00000E+00  4.74170E-02  4.74547E-02  0.00000E+00 -9.63483E-02  1.67414E-01  6.78112E+00    3927.3876729726926
           50 -8.64517E-01  5.65188E+00  9.24116E-01  2.55124E-01 -1.15447E+01  5.99430E+00  1.01111E+03  0.00000E+00  2.32216E+03  1.07961E-02  0.00000E+00  9.09201E-02  0.00000E+00  3.86723E-02  4.01377E-02  0.00000E+00 -2.32190E-01  1.38478E-01  8.71582E+00    3916.0875070781867
         9951 -7.09618E-01  5.75262E+00  9.31612E-01  4.23546E-01 -1.16094E+01  5.48957E+00  9.42689E+02  0.00000E+00  2.06192E+03  7.60792E-03  0.00000E+00  6.70967E-02  0.00000E+00  1.67167E-02  1.50917E-02  0.00000E+00 -3.74399E-01 -4.62294E-02  6.67134E+00    3499.8277843010460
         9952 -7.70817E-01  5.69920E+00  9.30631E-01  3.87692E-01 -1.15849E+01  5.57440E+00  1.17066E+03  0.00000E+00  2.21683E+03  8.09945E-03  0.00000E+00  6.94701E-02  0.00000E+00  1.48325E-02  1.46746E-02  0.00000E+00 -4.19415E-01 -6.91676E-02  6.41004E+00    3463.2627927737240
         9953 -7.88704E-01  5.68700E+00  9.30250E-01  4.56949E-01 -1.16010E+01  6.01492E+00  9.57020E+02  0.00000E+00  2.15441E+03  6.17820E-03  0.00000E+00  6.65359E-02  0.00000E+00  1.36349E-02  1.40179E-02  0.00000E+00 -3.98034E-01 -6.44317E-02  6.12080E+00    3431.1477050037342
         9954 -7.93969E-01  5.68133E+00  9.30750E-01  5.22147E-01 -1.16097E+01  5.85477E+00  1.74265E+03  0.00000E+00  1.86050E+03  7.23728E-03  0.00000E+00  7.00757E-02  0.00000E+00  1.41688E-02  1.27997E-02  0.00000E+00 -3.92540E-01 -5.94519E-02  5.50745E+00    3492.1601540004940
         9955 -7.58009E-01  5.72359E+00  9.31309E-01  5.76350E-01 -1.16588E+01  5.62358E+00  1.25629E+03  0.00000E+00  2.07668E+03  7.82376E-03  0.00000E+00  6.18181E-02  0.00000E+00  1.35979E-02  1.42639E-02  0.00000E+00 -3.52291E-01 -8.98002E-02  6.15437E+00    3603.6523257876934
         9956 -7.28881E-01  5.74129E+00  9.31252E-01  6.15053E-01 -1.17445E+01  5.08631E+00  9.08004E+02  0.00000E+00  2.01902E+03  8.35960E-03  0.00000E+00  6.88889E-02  0.00000E+00  1.64456E-02  1.75747E-02  0.00000E+00 -3.73117E-01 -5.55151E-02  6.41252E+00    3550.3072976110520
         9957 -7.05133E-01  5.75886E+00  9.33115E-01  7.30490E-01 -1.18055E+01  5.57328E+00  8.51736E+02  0.00000E+00  1.85304E+03  9.34332E-03  0.00000E+00  5.97661E-02  0.00000E+00  1.26928E-02  1.71658E-02  0.00000E+00 -4.07562E-01 -7.94485E-02  7.48925E+00    3572.1135106395709
         9958 -6.73978E-01  5.78283E+00  9.34568E-01  7.49046E-01 -1.17495E+01  4.88322E+00  7.97254E+02  0.00000E+00  1.99735E+03  9.09370E-03  0.00000E+00  5.80465E-02  0.00000E+00  1.21299E-02  1.72767E-02  0.00000E+00 -4.01533E-01 -8.73367E-02  8.33852E+00    3580.6665750078118
         9959 -6.95823E-01  5.76694E+00  9.33888E-01  6.94337E-01 -1.16997E+01  4.91918E+00  1.58383E+03  0.00000E+00  2.02341E+03  9.30658E-03  0.00000E+00  5.75542E-02  0.00000E+00  1.00653E-02  1.52169E-02  0.00000E+00 -4.09835E-01 -3.62169E-02  6.48796E+00    3549.2061076311734
         9960 -7.15193E-01  5.76260E+00  9.32422E-01  6.61712E-01 -1.16596E+01  4.85702E+00  1.09364E+03  0.00000E+00  1.71893E+03  8.88276E-03  0.00000E+00  6.30694E-02  0.00000E+00  1.39227E-02  1.58176E-02  0.00000E+00 -4.68377E-01 -6.71670E-02  7.64304E+00    3509.1536293308245
         9961 -7.26868E-01  5.75951E+00  9.31863E-01  6.84266E-01 -1.16808E+01  5.03153E+00  8.40249E+02  0.00000E+00  1.58436E+03  8.64109E-03  0.00000E+00  6.68280E-02  0.00000E+00  1.38826E-02  1.61694E-02  0.00000E+00 -4.69128E-01 -5.24827E-02  7.35950E+00    3478.9557800828511
         9962 -7.63568E-01  5.72845E+00  9.30304E-01  6.28159E-01 -1.16697E+01  4.90831E+00  6.94962E+02  0.00000E+00  1.79285E+03  7.58679E-03  0.00000E+00  7.23270E-02  0.00000E+00  1.35114E-02  1.52482E-02  0.00000E+00 -4.09571E-01 -3.64835E-02  6.16891E+00    3501.0366800678935
         9963 -7.59985E-01  5.72845E+00  9.30304E-01  6.28159E-01 -1.16697E+01  4.90831E+00  7.08451E+02  0.00000E+00  1.90280E+03  7.76683E-03  0.00000E+00  6.20592E-02  0.00000E+00  1.09036E-02  1.30157E-02  0.00000E+00 -3.73586E-01 -4.19680E-02  6.42288E+00    3501.9922083610318
         9964 -7.40414E-01  5.74668E+00  9.33188E-01  7.06199E-01 -1.16945E+01  5.00660E+00  9.66136E+02  0.00000E+00  2.10428E+03  7.64716E-03  0.00000E+00  4.87734E-02  0.00000E+00  8.12890E-03  1.44033E-02  0.00000E+00 -3.32714E-01 -4.26143E-03  6.60778E+00    3587.3435594968932
         9965 -7.07135E-01  5.77627E+00  9.33821E-01  7.35086E-01 -1.17176E+01  5.21942E+00  1.28287E+03  0.00000E+00  2.44924E+03  8.32241E-03  0.00000E+00  5.03264E-02  0.00000E+00  5.20960E-03  1.29694E-02  0.00000E+00 -3.87964E-01  2.33492E-02  8.34401E+00    3663.0454338522818
         9966 -7.33545E-01  5.75469E+00  9.32877E-01  6.84719E-01 -1.16635E+01  5.14914E+00  9.19238E+02  0.00000E+00  2.51610E+03  8.94944E-03  0.00000E+00  5.33799E-02  0.00000E+00  8.47291E-03  1.72100E-02  0.00000E+00 -3.84376E-01  8.61430E-02  9.00395E+00    3660.1856635234712
         9967 -6.99756E-01  5.78557E+00  9.31775E-01  6.98293E-01 -1.17036E+01  4.83683E+00  9.25544E+02  0.00000E+00  2.13286E+03  8.90186E-03  0.00000E+00  4.63741E-02  0.00000E+00  1.06420E-02  1.75600E-02  0.00000E+00 -2.92221E-01  5.91812E-02  7.70723E+00    3609.1420304011249
         9968 -6.83144E-01  5.80265E+00  9.31732E-01  7.52488E-01 -1.16992E+01  4.93370E+00  9.02872E+02  0.00000E+00  2.05893E+03  9.27455E-03  0.00000E+00  4.94850E-02  0.00000E+00  1.02725E-02  1.75133E-02  0.00000E+00 -2.91048E-01  7.49983E-02  7.42606E+00    3544.3906342966043
         9969 -7.04059E-01  5.78838E+00  9.30891E-01  7.27247E-01 -1.17013E+01  5.27301E+00  1.17726E+03  0.00000E+00  1.64798E+03  8.31383E-03  0.00000E+00  4.77881E-02  0.00000E+00  1.43179E-02  1.97550E-02  0.00000E+00 -2.95771E-01  1.75202E-02  7.25107E+00    3482.0333580749329
         9970 -6.88259E-01  5.80182E+00  9.30423E-01  6.16381E-01 -1.17609E+01  5.51180E+00  9.35428E+02  0.00000E+00  1.76525E+03  8.82116E-03  0.00000E+00  4.27176E-02  0.00000E+00  8.30039E-03  1.92932E-02  0.00000E+00 -2.91250E-01  2.61866E-02  7.21165E+00    3528.0151536931571
         9971 -7.23669E-01  5.76820E+00  9.29547E-01  5.97746E-01 -1.16996E+01  5.23252E+00  1.39234E+03  0.00000E+00  1.86249E+03  8.07942E-03  0.00000E+00  3.81953E-02  0.00000E+00  1.12413E-02  1.84537E-02  0.00000E+00 -2.38528E-01 -1.86462E-03  6.81899E+00    3549.6195685046746
         9972 -7.05482E-01  5.78229E+00  9.30333E-01  6.40923E-01 -1.16715E+01  5.26780E+00  9.24512E+02  0.00000E+00  1.79965E+03  6.70465E-03  0.00000E+00  3.52871E-02  0.00000E+00  6.88907E-03  1.78421E-02  0.00000E+00 -2.05796E-01  3.49778E-02  6.64375E+00    3523.1353334001778
         9973 -7.34480E-01  5.75898E+00  9.29341E-01  4.75967E-01 -1.16531E+01  5.10142E+00  1.66861E+03  0.00000E+00  1.93716E+03  6.88051E-03  0.00000E+00  3.68405E-02  0.00000E+00  7.86794E-03  1.67706E-02  0.00000E+00 -2.17218E-01  2.37982E-02  6.57834E+00    3478.6537785999267
         9974 -7.12945E-01  5.77585E+00  9.29209E-01  5.93986E-01 -1.17107E+01  5.02323E+00  1.20656E+03  0.00000E+00  2.05397E+03  5.88265E-03  0.00000E+00  4.67846E-02  0.00000E+00  1.13146E-02  1.81025E-02  0.00000E+00 -1.57542E-01  2.85980E-02  5.48953E+00    3547.8343026547991
         9975 -6.78936E-01  5.81027E+00  9.27160E-01  5.40658E-01 -1.17971E+01  5.83479E+00  1.95776E+03  0.00000E+00  2.24428E+03  6.36257E-03  0.00000E+00  4.67553E-02  0.00000E+00  1.38172E-02  1.82491E-02  0.00000E+00 -1.16660E-01  7.52775E-02  5.88857E+00    3509.6063130948146
         9976 -6.84693E-01  5.79508E+00  9.28446E-01  5.65523E-01 -1.17481E+01  6.13772E+00  1.13892E+03  0.00000E+00  1.96752E+03  6.58205E-03  0.00000E+00  4.18425E-02  0.00000E+00  1.43796E-02  1.90340E-02  0.00000E+00 -1.89301E-01  4.91325E-02  7.65343E+00    3509.1816289042922
         9977 -6.68562E-01  5.80879E+00  9.28784E-01  6.45885E-01 -1.17715E+01  7.12450E+00  8.36473E+02  0.00000E+00  1.96116E+03  6.11193E-03  0.00000E+00  4.05259E-02  0.00000E+00  1.35763E-02  1.79156E-02  0.00000E+00 -1.49306E-01  5.56887E-02  7.49931E+00    3480.7568131095222
         9978 -6.84711E-01  5.79967E+00  9.27830E-01  6.40586E-01 -1.17063E+01  7.35925E+00  6.82157E+02  0.00000E+00  2.25486E+03  5.07074E-03  0.00000E+00  4.54350E-02  0.00000E+00  1.43393E-02  2.08124E-02  0.00000E+00 -1.80578E-01  5.76268E-02  7.56785E+00    3501.4826786363669
         9979 -7.03259E-01  5.77936E+00  9.27195E-01  6.45673E-01 -1.16371E+01  7.64920E+00  7.85071E+02  0.00000E+00  2.33455E+03  5.27427E-03  0.00000E+00  4.32279E-02  0.00000E+00  1.43363E-02  1.84837E-02  0.00000E+00 -1.10368E-01  5.05781E-02  6.02099E+00    3462.7764427865181
         9980 -6.56526E-01  5.82901E+00  9.27460E-01  6.50532E-01 -1.16980E+01  7.80603E+00  1.34564E+03  0.00000E+00  2.15035E+03  5.58211E-03  0.00000E+00  3.87272E-02  0.00000E+00  1.40906E-02  1.86358E-02  0.00000E+00 -9.87452E-02  6.02539E-02  5.40686E+00    3469.6532579516656
         9981 -6.60428E-01  5.82841E+00  9.27243E-01  6.65260E-01 -1.17407E+01  8.13660E+00  1.18524E+03  0.00000E+00  2.21731E+03  7.65810E-03  0.00000E+00  4.33027E-02  0.00000E+00  1.27168E-02  1.82166E-02  0.00000E+00 -1.66591E-01  1.89306E-02  5.16176E+00    3582.5487532475490
         9982 -6.39298E-01  5.84486E+00  9.29446E-01  7.00338E-01 -1.17519E+01  5.89205E+00  1.19403E+03  0.00000E+00  2.42440E+03  7.51206E-03  0.00000E+00  4.00814E-02  0.00000E+00  1.11860E-02  1.54695E-02  0.00000E+00 -1.65139E-01  9.24890E-03  5.50984E+00    3591.2900891445820
         9983 -6.45212E-01  5.83660E+00  9.28023E-01  7.20013E-01 -1.18377E+01  6.61038E+00  9.96064E+02  0.00000E+00  2.27056E+03  7.98294E-03  0.00000E+00  4.06616E-02  0.00000E+00  9.54683E-03  1.75015E-02  0.00000E+00 -2.13069E-01 -1.32397E-03  5.59350E+00    3573.3409889519521
         9984 -6.55519E-01  5.83382E+00  9.26263E-01  7.46590E-01 -1.18835E+01  5.16776E+00  1.26993E+03  0.00000E+00  2.14286E+03  7.77296E-03  0.00000E+00  3.83655E-02  0.00000E+00  1.21337E-02  1.74633E-02  0.00000E+00 -1.92298E-01 -3.45938E-03  5.52514E+00    3506.3023482077165
         9985 -6.48099E-01  5.83815E+00  9.26534E-01  6.66838E-01 -1.18891E+01  5.06987E+00  2.12502E+03  0.00000E+00  2.27344E+03  8.39926E-03  0.00000E+00  3.62405E-02  0.00000E+00  1.02241E-02  1.46340E-02  0.00000E+00 -1.78527E-01  8.23166E-03  6.02046E+00    3585.6460840715013
         9986 -6.24725E-01  5.85961E+00  9.28071E-01  6.82662E-01 -1.18435E+01  5.10047E+00  9.19543E+02  0.00000E+00  2.34175E+03  8.26877E-03  0.00000E+00  4.02765E-02  0.00000E+00  1.22528E-02  1.57981E-02  0.00000E+00 -8.34943E-02  3.05859E-02  6.19959E+00    3553.7761661439717
         9987 -5.90669E-01  5.88949E+00  9.27122E-01  7.12164E-01 -1.18613E+01  4.98621E+00  1.08747E+03  0.00000E+00  1.95024E+03  8.53753E-03  0.00000E+00  4.01825E-02  0.00000E+00  1.23721E-02  1.43564E-02  0.00000E+00 -5.68749E-02  5.46476E-02  5.05128E+00    3405.7089989900542
         9988 -5.83472E-01  5.89070E+00  9.28052E-01  6.17451E-01 -1.18497E+01  4.95669E+00  1.11114E+03  0.00000E+00  1.94651E+03  7.41021E-03  0.00000E+00  4.40447E-02  0.00000E+00  1.45670E-02  1.69396E-02  0.00000E+00 -8.11276E-02  3.63717E-02  4.56722E+00    3470.7671836421391
         9989 -6.18873E-01  5.85429E+00  9.28393E-01  5.64474E-01 -1.18334E+01  4.36543E+00  1.41773E+03  0.00000E+00  2.06777E+03  8.02780E-03  0.00000E+00  4.19960E-02  0.00000E+00  1.46980E-02  1.66241E-02  0.00000E+00 -1.09373E-01  4.34580E-02  4.82795E+00    3359.2233023471099
         9990 -5.98859E-01  5.86894E+00  9.28969E-01  6.14249E-01 -1.19259E+01  6.23304E+00  8.39539E+02  0.00000E+00  1.90898E+03  7.86680E-03  0.00000E+00  4.14482E-02  0.00000E+00  1.20393E-02  1.30754E-02  0.00000E+00 -7.03089E-02  5.89219E-02  5.31840E+00    3430.8892436472920
         9991 -6.22915E-01  5.84653E+00  9.28108E-01  5.54651E-01 -1.18326E+01  6.07456E+00  7.42407E+02  0.00000E+00  1.97367E+03  7.36438E-03  0.00000E+00  3.86055E-02  0.00000E+00  1.22590E-02  1.39809E-02  0.00000E+00 -7.76189E-03  7.83252E-02  5.74680E+00    3433.1384379384663
         9992 -6.08988E-01  5.85378E+00  9.27651E-01  5.79253E-01 -1.18902E+01  6.24778E+00  1.09347E+03  0.00000E+00  1.88077E+03  7.27461E-03  0.00000E+00  3.96477E-02  0.00000E+00  1.45996E-02  1.81737E-02  0.00000E+00  5.40526E-02  1.37978E-01  6.32514E+00    3491.6211724643808
         9993 -6.32428E-01  5.83586E+00  9.27381E-01  5.80467E-01 -1.18027E+01  5.85568E+00  1.05574E+03  0.00000E+00  2.31239E+03  6.31395E-03  0.00000E+00  3.43787E-02  0.00000E+00  1.36356E-02  1.89957E-02  0.00000E+00  4.55098E-02  1.38480E-01  5.75130E+00    3455.8744479815196
         9994 -6.02476E-01  5.85112E+00  9.26101E-01  5.93667E-01 -1.18529E+01  5.86006E+00  9.98312E+02  0.00000E+00  2.21667E+03  5.35017E-03  0.00000E+00  3.00644E-02  0.00000E+00  8.51918E-03  1.81338E-02  0.00000E+00  2.13196E-02  1.56356E-01  6.98089E+00    3488.6690250687470
         9995 -5.62999E-01  5.88707E+00  9.27326E-01  6.23663E-01 -1.18865E+01  6.09005E+00  8.22675E+02  0.00000E+00  2.16988E+03  6.88508E-03  0.00000E+00  3.09642E-02  0.00000E+00  8.51287E-03  2.03103E-02  0.00000E+00  2.81657E-02  1.31696E-01  6.50119E+00    3499.7422261908546
         9996 -5.70143E-01  5.88047E+00  9.26165E-01  6.48894E-01 -1.18674E+01  6.25449E+00  1.18587E+03  0.00000E+00  2.16588E+03  7.09933E-03  0.00000E+00  3.13549E-02  0.00000E+00  1.04801E-02  2.10020E-02  0.00000E+00  4.47040E-02  1.27883E-01  5.09583E+00    3531.6020580522718
         9997 -6.03893E-01  5.84852E+00  9.26580E-01  6.28950E-01 -1.18727E+01  6.08937E+00  8.38191E+02  0.00000E+00  2.00481E+03  7.23360E-03  0.00000E+00  3.43431E-02  0.00000E+00  8.65925E-03  1.61866E-02  0.00000E+00  4.01972E-02  8.25827E-02  5.39419E+00    3504.3234694490361
         9998 -5.83973E-01  5.85663E+00  9.26078E-01  5.92971E-01 -1.18348E+01  5.31800E+00  1.27813E+03  0.00000E+00  2.01990E+03  6.67191E-03  0.00000E+00  3.42355E-02  0.00000E+00  7.27161E-03  1.74175E-02  0.00000E+00 -1.37894E-02  9.94409E-02  5.25236E+00    3526.4379847035111
         9999 -5.63725E-01  5.87678E+00  9.24942E-01  5.84932E-01 -1.18878E+01  4.89543E+00  2.05355E+03  0.00000E+00  1.93107E+03  6.77970E-03  0.00000E+00  4.01121E-02  0.00000E+00  7.77712E-03  1.79842E-02  0.00000E+00  6.85326E-03  1.32309E-01  6.27441E+00    3541.5425709727224
        10000 -5.28197E-01  5.91006E+00  9.23376E-01  5.78475E-01 -1.19007E+01  4.82011E+00  2.54233E+03  0.00000E+00  2.12136E+03  5.96804E-03  0.00000E+00  3.27450E-02  0.00000E+00  9.29925E-03  1.77039E-02  0.00000E+00  1.15103E-02  9.71417E-02  4.75410E+00    3452.8262387906152
  -1000000000 -7.81944E-01  5.70340E+00  9.27234E-01  3.12975E-01 -1.17761E+01  5.46670E+00  1.15393E+03  0.00000E+00  2.00357E+03  1.05010E-02  0.00000E+00  1.50807E-01  0.00000E+00  8.29253E-02  6.69023E-02  0.00000E+00 -6.60065E-01 -3.17443E-01  7.47305E+00    3842.5708721043416
  -1000000001  1.39962E-01  1.26721E-01  4.52754E-03  2.23964E-01  3.28198E-01  1.13918E+00  3.61532E+02  0.00000E+00  1.81573E+02  3.74990E-03  0.00000E+00  7.81363E-02  0.00000E+00  5.51678E-02  3.97002E-02  0.00000E+00  3.39095E-01  2.63342E-01  1.38700E+00    164.65905522879240
  -1000000002  1.19086E-03  5.80605E-03  1.56459E-02  8.32903E-02  2.43614E-01  3.73096E-01  4.65581E-01  7.17103E-01  9.14682E-01  9.62393E-01  1.00132E+00  1.04751E+00  1.45041E+00  2.53435E+00  5.18400E+00  0.00000E+00  0.00000E+00  0.00000E+00  0.00000E+00    0.0000000000000000
  -1000000003  4.35317E+03  1.19086E-03  5.18400E+00  0.00000E+00  0.00000E+00  0.00000E+00  0.00000E+00  0.00000E+00  0.00000E+00  0.00000E+00  0.00000E+00  0.00000E+00  0.00000E+00  0.00000E+00  0.00000E+00  0.00000E+00  0.00000E+00  0.00000E+00  0.00000E+00    0.0000000000000000
  -1000000004  0.00000E+00  0.00000E+00  0.00000E+00  0.00000E+00  0.00000E+00  0.00000E+00  3.35911E+01  0.00000E+00  4.47157E+01  1.00984E-01  0.00000E+00  3.75745E-01  0.00000E+00  7.71794E-01  2.48466E-01  0.00000E+00 -6.11532E-01 -4.19198E-01  2.72227E+00    0.0000000000000000
  -1000000005  0.00000E+00  0.00000E+00  0.00000E+00  0.00000E+00  0.00000E+00  0.00000E+00  5.05622E+00  0.00000E+00  2.02038E+00  1.74150E-02  0.00000E+00  9.81016E-02  0.00000E+00  1.44615E-01  7.18845E-02  0.00000E+00  2.06188E-01  2.95028E-01  2.49616E-01    0.0000000000000000
  -1000000006  0.00000E+00  0.00000E+00  0.00000E+00  0.00000E+00  0.00000E+00  0.00000E+00  0.00000E+00  1.00000E+00  0.00000E+00  0.00000E+00  1.00000E+00  0.00000E+00  1.00000E+00  0.00000E+00  0.00000E+00  1.00000E+00  0.00000E+00  0.00000E+00  0.00000E+00    0.0000000000000000
  -1000000007  2.00000E+00  0.00000E+00  0.00000E+00  0.00000E+00  0.00000E+00  0.00000E+00  0.00000E+00  0.00000E+00  0.00000E+00  0.00000E+00  0.00000E+00  0.00000E+00  0.00000E+00  0.00000E+00  0.00000E+00  0.00000E+00  0.00000E+00  0.00000E+00  0.00000E+00    0.0000000000000000
