TABLE NO.  1
 NUM         IPRED       NPDE        CWRES       DV          PRED        RES         WRES
  1.0000E+00  0.0000E+00  1.9337E-01  2.9443E-01  1.2161E+00  0.0000E+00  1.2161E+00  2.9443E-01
  2.0000E+00  0.0000E+00  2.4747E+00  3.0422E+00  1.2565E+01  0.0000E+00  1.2565E+01  3.0422E+00
  3.0000E+00  0.0000E+00  2.7131E+00  2.7160E+00  1.1218E+01  0.0000E+00  1.1218E+01  2.7160E+00
  4.0000E+00  0.0000E+00  2.9352E+00  4.2876E+00  1.7709E+01  0.0000E+00  1.7709E+01  4.2876E+00
  5.0000E+00  0.0000E+00  2.9352E+00  5.3083E+00  2.1925E+01  0.0000E+00  2.1925E+01  5.3083E+00
  6.0000E+00  0.0000E+00  2.9352E+00  3.9234E+00  1.6205E+01  0.0000E+00  1.6205E+01  3.9234E+00
  7.0000E+00  0.0000E+00  2.9352E+00  4.5256E+00  1.8692E+01  0.0000E+00  1.8692E+01  4.5256E+00
  8.0000E+00  0.0000E+00  2.9352E+00  5.7594E+00  2.3788E+01  0.0000E+00  2.3788E+01  5.7594E+00
  9.0000E+00  0.0000E+00  2.9352E+00  3.9888E+00  1.6475E+01  0.0000E+00  1.6475E+01  3.9888E+00
  1.0000E+01  0.0000E+00  2.9352E+00  4.1997E+00  1.7346E+01  0.0000E+00  1.7346E+01  4.1997E+00
  1.1000E+01  0.0000E+00  2.9352E+00  4.4484E+00  1.8373E+01  0.0000E+00  1.8373E+01  4.4484E+00
  1.2000E+01  0.0000E+00  2.9352E+00  4.4191E+00  1.8252E+01  0.0000E+00  1.8252E+01  4.4191E+00
  1.3000E+01  0.0000E+00  2.9352E+00  4.4450E+00  1.8359E+01  0.0000E+00  1.8359E+01  4.4450E+00
  1.4000E+01  0.0000E+00  2.7131E+00  3.1613E+00  1.3057E+01  0.0000E+00  1.3057E+01  3.1613E+00
  1.5000E+01  0.0000E+00  2.9352E+00  3.6641E+00  1.5134E+01  0.0000E+00  1.5134E+01  3.6641E+00
  1.6000E+01  0.0000E+00  1.8808E+00  2.0455E+00  8.4486E+00  0.0000E+00  8.4486E+00  2.0455E+00
  1.7000E+01  0.0000E+00  2.3263E+00  2.6596E+00  1.0985E+01  0.0000E+00  1.0985E+01  2.6596E+00
  1.8000E+01  0.0000E+00  1.2265E+00  1.3888E+00  5.7362E+00  0.0000E+00  5.7362E+00  1.3888E+00
  1.9000E+01  0.0000E+00  2.2164E+00  2.0388E+00  8.4208E+00  0.0000E+00  8.4208E+00  2.0388E+00
  2.0000E+01  0.0000E+00  0.0000E+00  0.0000E+00  0.0000E+00  0.0000E+00  0.0000E+00  0.0000E+00
  2.1000E+01  0.0000E+00  3.1425E-01  2.6816E-01  1.1076E+00  0.0000E+00  1.1076E+00  2.6816E-01
  2.2000E+01  8.1222E+00  4.5840E-01  5.5695E-01  1.0152E+01  9.3296E+00  8.2241E-01  5.7419E-01
  2.3000E+01  1.2508E+01 -3.9434E-01 -2.5289E-01  1.1842E+01  1.4363E+01 -2.5211E+00 -2.5628E-01
  2.4000E+01  1.4800E+01 -5.9277E-01 -4.6875E-01  1.3557E+01  1.6990E+01 -3.4329E+00 -4.8145E-01
  2.5000E+01  1.5920E+01 -1.3616E+00 -1.1931E+00  1.2662E+01  1.8270E+01 -5.6082E+00 -1.2416E+00
  2.6000E+01  1.6387E+01 -3.8532E-01 -2.4039E-01  1.5854E+01  1.8799E+01 -2.9449E+00 -2.4075E-01
  2.7000E+01  1.6490E+01 -5.3401E-01 -4.2954E-01  1.5432E+01  1.8910E+01 -3.4780E+00 -4.3895E-01
  2.8000E+01  1.6393E+01  1.7637E-01  2.9595E-01  1.7372E+01  1.8791E+01 -1.4188E+00  3.2552E-01
  2.9000E+01  1.6186E+01  1.4051E+00  1.1651E+00  1.9629E+01  1.8546E+01  1.0829E+00  1.2412E+00
  3.0000E+01  1.5921E+01  3.4956E-01  3.6008E-01  1.7099E+01  1.8235E+01 -1.1360E+00  3.9423E-01
  3.1000E+01  1.5627E+01 -6.7449E-01 -6.1180E-01  1.4025E+01  1.7890E+01 -3.8653E+00 -6.2777E-01
  3.2000E+01  1.5319E+01 -2.9674E-01 -2.6932E-01  1.4696E+01  1.7531E+01 -2.8345E+00 -2.6691E-01
  3.3000E+01  1.5007E+01  8.3652E-02  8.6039E-02  1.5417E+01  1.7166E+01 -1.7489E+00  1.0694E-01
  3.4000E+01  1.3784E+01  2.1043E-01  9.8718E-03  1.3979E+01  1.5740E+01 -1.7607E+00  2.7808E-02
  3.5000E+01  1.0646E+01 -3.6738E-01 -4.5670E-01  9.3259E+00  1.2094E+01 -2.7681E+00 -4.5469E-01
  3.6000E+01  8.2216E+00 -4.2158E-01 -4.3325E-01  6.8900E+00  9.2914E+00 -2.4014E+00 -4.2744E-01
  3.7000E+01  6.3492E+00 -2.7932E-01 -3.5824E-01  5.2125E+00  7.1383E+00 -1.9258E+00 -3.4983E-01
  3.8000E+01  4.9033E+00 -2.1043E-01 -2.3874E-01  4.1558E+00  5.4841E+00 -1.3283E+00 -2.2898E-01
  3.9000E+01  3.7866E+00 -1.3409E-01 -1.7193E-01  3.2563E+00  4.2133E+00 -9.5699E-01 -1.6248E-01
  4.0000E+01  0.0000E+00  0.0000E+00  0.0000E+00  0.0000E+00  0.0000E+00  0.0000E+00  0.0000E+00
  4.1000E+01  0.0000E+00 -9.2039E-02 -1.7858E-02 -7.3757E-02  0.0000E+00 -7.3757E-02 -1.7858E-02
  4.2000E+01  1.1886E+01 -7.6098E-01 -7.4021E-01  9.3116E+00  9.3520E+00 -4.0368E-02 -6.7916E-01
  4.3000E+01  1.8353E+01  6.7449E-01  7.9960E-01  2.0167E+01  1.4438E+01  5.7292E+00  7.3468E-01
  4.4000E+01  2.1781E+01  1.0043E-01  1.0086E-01  2.1678E+01  1.7132E+01  4.5459E+00  1.2541E-01
  4.5000E+01  2.3507E+01  7.3885E-01  7.6059E-01  2.4841E+01  1.8487E+01  6.3541E+00  6.7857E-01
  4.6000E+01  2.4282E+01 -1.0364E+00 -1.2430E+00  2.1191E+01  1.9093E+01  2.0984E+00 -9.6436E-01
  4.7000E+01  2.4526E+01 -6.6404E-01 -8.7397E-01  2.2233E+01  1.9281E+01  2.9523E+00 -6.5591E-01
  4.8000E+01  2.4476E+01  5.8284E-01  7.9700E-01  2.5764E+01  1.9237E+01  6.5270E+00  7.1230E-01
  4.9000E+01  2.4263E+01  9.6742E-01  1.0852E+00  2.6171E+01  1.9066E+01  7.1053E+00  9.5325E-01
  5.0000E+01  2.3962E+01  1.5274E+00  1.5302E+00  2.6855E+01  1.8826E+01  8.0295E+00  1.3263E+00
  5.1000E+01  2.3616E+01  5.0532E-01  5.9154E-01  2.4440E+01  1.8549E+01  5.8909E+00  5.5520E-01
  5.2000E+01  2.3246E+01 -1.5097E-01 -1.5693E-01  2.2379E+01  1.8255E+01  4.1242E+00 -6.6160E-02
  5.3000E+01  2.2867E+01 -8.9025E-01 -1.0503E+00  1.9932E+01  1.7953E+01  1.9790E+00 -8.1651E-01
  5.4000E+01  2.1355E+01  3.4069E-01  4.2325E-01  2.1774E+01  1.6752E+01  5.0222E+00  4.2890E-01
  5.5000E+01  1.7341E+01  6.1281E-01  4.9976E-01  1.7953E+01  1.3567E+01  4.3859E+00  5.1072E-01
  5.6000E+01  1.4080E+01 -5.0154E-02 -1.4772E-01  1.2802E+01  1.0986E+01  1.8156E+00 -7.9737E-02
  5.7000E+01  1.1432E+01  3.3185E-01  2.4874E-01  1.1368E+01  8.8966E+00  2.4714E+00  2.8247E-01
  5.8000E+01  9.2819E+00  9.4107E-01  9.5797E-01  1.1672E+01  7.2043E+00  4.4677E+00  9.5337E-01
  5.9000E+01  7.5362E+00  2.7064E-01  2.2424E-01  7.5140E+00  5.8339E+00  1.6801E+00  2.5117E-01
  6.0000E+01  0.0000E+00  0.0000E+00  0.0000E+00  0.0000E+00  0.0000E+00  0.0000E+00  0.0000E+00
  6.1000E+01  0.0000E+00  1.5097E-01 -5.8148E-02 -2.4017E-01  0.0000E+00 -2.4017E-01 -5.8148E-02
  6.2000E+01  6.8602E+00  3.1425E-01  3.2500E-01  8.3117E+00  9.3273E+00 -1.0156E+00  3.6320E-01
  6.3000E+01  1.0581E+01  4.5840E-01  4.1089E-01  1.2332E+01  1.4355E+01 -2.0234E+00  4.8662E-01
  6.4000E+01  1.2541E+01 -1.2628E+00 -1.1165E+00  9.5114E+00  1.6975E+01 -7.4639E+00 -1.1889E+00
  6.5000E+01  1.3517E+01  6.8502E-01  4.5802E-01  1.5384E+01  1.8248E+01 -2.8639E+00  5.7054E-01
  6.6000E+01  1.3942E+01  1.7637E-01  2.3407E-01  1.5128E+01  1.8769E+01 -3.6409E+00  3.2355E-01
  6.7000E+01  1.4060E+01 -6.5366E-01 -5.8492E-01  1.2791E+01  1.8872E+01 -6.0812E+00 -5.9686E-01
  6.8000E+01  1.4009E+01 -9.2814E-01 -8.3927E-01  1.1972E+01  1.8745E+01 -6.7733E+00 -8.8238E-01
  6.9000E+01  1.3864E+01 -4.1246E-01 -3.3521E-01  1.3333E+01  1.8493E+01 -5.1603E+00 -3.1656E-01
  7.0000E+01  1.3669E+01 -5.1484E-01 -3.5388E-01  1.3072E+01  1.8175E+01 -5.1031E+00 -3.3801E-01
  7.1000E+01  1.3448E+01 -8.4162E-01 -8.0385E-01  1.1469E+01  1.7824E+01 -6.3547E+00 -8.3996E-01
  7.2000E+01  1.3215E+01 -8.4162E-01 -8.4472E-01  1.1090E+01  1.7457E+01 -6.3674E+00 -8.8426E-01
  7.3000E+01  1.2977E+01  5.7297E-01  3.7776E-01  1.4601E+01  1.7087E+01 -2.4856E+00  4.7033E-01
  7.4000E+01  1.2036E+01  5.0532E-01  3.9367E-01  1.3715E+01  1.5639E+01 -1.9237E+00  4.7588E-01
  7.5000E+01  9.5717E+00  1.8487E-01  2.9552E-02  1.0035E+01  1.1951E+01 -1.9162E+00  6.5059E-02
  7.6000E+01  7.6110E+00 -1.0884E-01 -3.1601E-01  6.7983E+00  9.1320E+00 -2.3337E+00 -2.9800E-01
  7.7000E+01  6.0520E+00 -8.6568E-01 -8.9528E-01  3.0324E+00  6.9777E+00 -3.9453E+00 -8.8547E-01
  7.8000E+01  4.8123E+00 -3.4956E-01 -2.9741E-01  3.8927E+00  5.3317E+00 -1.4390E+00 -2.7375E-01
  7.9000E+01  3.8265E+00 -1.0884E-01 -3.3167E-02  3.8535E+00  4.0740E+00 -2.2046E-01 -6.9993E-03
  8.0000E+01  0.0000E+00  0.0000E+00  0.0000E+00  0.0000E+00  0.0000E+00  0.0000E+00  0.0000E+00
  8.1000E+01  0.0000E+00  9.2039E-02  1.2936E-01  5.3430E-01  0.0000E+00  5.3430E-01  1.2936E-01
  8.2000E+01  1.0027E+01 -3.0548E-01 -3.8742E-01  8.8596E+00  9.3194E+00 -4.5981E-01 -3.3863E-01
  8.3000E+01  1.5507E+01 -4.9585E-01 -4.2917E-01  1.4427E+01  1.4329E+01  9.7758E-02 -3.4099E-01
  8.4000E+01  1.8438E+01 -8.6568E-01 -9.2897E-01  1.6130E+01  1.6926E+01 -7.9554E-01 -7.8621E-01
  8.5000E+01  1.9941E+01  1.7132E+00  1.6561E+00  2.4238E+01  1.8172E+01  6.0657E+00  1.6319E+00
  8.6000E+01  2.0643E+01 -1.7507E+00 -2.2458E+00  1.5178E+01  1.8667E+01 -3.4887E+00 -1.9682E+00
  8.7000E+01  2.0899E+01  4.8642E-01  6.3938E-01  2.2489E+01  1.8744E+01  3.7453E+00  6.8295E-01
  8.8000E+01  2.0906E+01  1.5011E+00  1.4862E+00  2.4514E+01  1.8591E+01  5.9229E+00  1.4514E+00
  8.9000E+01  2.0776E+01  5.2440E-01  5.6717E-01  2.2087E+01  1.8314E+01  3.7727E+00  6.0993E-01
  9.0000E+01  2.0570E+01 -7.2791E-01 -6.8500E-01  1.8739E+01  1.7972E+01  7.6669E-01 -5.3008E-01
  9.1000E+01  2.0324E+01 -1.5011E+00 -1.7968E+00  1.5653E+01  1.7598E+01 -1.9452E+00 -1.5390E+00
  9.2000E+01  2.0057E+01  5.8284E-01  6.2459E-01  2.1381E+01  1.7210E+01  4.1707E+00  6.5307E-01
  9.3000E+01  1.9781E+01  1.0954E+00  1.0052E+00  2.2030E+01  1.6819E+01  5.2110E+00  9.9476E-01
  9.4000E+01  1.8666E+01  1.2445E+00  1.0130E+00  2.0821E+01  1.5299E+01  5.5218E+00  9.9415E-01
  9.5000E+01  1.5638E+01  6.8502E-01  5.7344E-01  1.6266E+01  1.1477E+01  4.7891E+00  5.9727E-01
  9.6000E+01  1.3099E+01  2.8802E-01  2.2869E-01  1.2420E+01  8.6083E+00  3.8117E+00  2.9442E-01
  9.7000E+01  1.0973E+01  1.3008E+00  1.2158E+00  1.3299E+01  6.4567E+00  6.8423E+00  1.1816E+00
  9.8000E+01  9.1916E+00  7.7219E-01  8.5518E-01  1.0335E+01  4.8429E+00  5.4921E+00  8.5866E-01
  9.9000E+01  7.6995E+00  1.0803E+00  9.9648E-01  9.3872E+00  3.6325E+00  5.7547E+00  9.8579E-01
  1.0000E+02  0.0000E+00  0.0000E+00  0.0000E+00  0.0000E+00  0.0000E+00  0.0000E+00  0.0000E+00
  1.0100E+02  0.0000E+00  1.1724E-01  7.1729E-02  2.9626E-01  0.0000E+00  2.9626E-01  7.1729E-02
  1.0200E+02  1.6696E+01 -1.5097E-01 -4.2695E-01  1.4315E+01  9.2976E+00  5.0174E+00  1.1657E-01
  1.0300E+02  2.4923E+01  1.8339E+00  1.9020E+00  2.7738E+01  1.4257E+01  1.3481E+01  2.1419E+00
  1.0400E+02  2.8474E+01  1.5011E+00  1.7555E+00  3.0663E+01  1.6788E+01  1.3875E+01  2.0489E+00
  1.0500E+02  2.9475E+01  4.3073E-01  2.7415E-02  2.8684E+01  1.7964E+01  1.0720E+01  8.5396E-01
  1.0600E+02  2.9112E+01 -1.0954E+00 -2.0041E+00  2.4885E+01  1.8386E+01  6.4987E+00 -6.4976E-01
  1.0700E+02  2.8047E+01  2.1280E+00  2.4089E+00  3.2096E+01  1.8392E+01  1.3704E+01  2.1535E+00
  1.0800E+02  2.6647E+01  4.3991E-01  3.1694E-01  2.7022E+01  1.8170E+01  8.8522E+00  5.2643E-01
  1.0900E+02  2.5114E+01  1.3830E+00  1.5774E+00  2.8394E+01  1.7827E+01  1.0567E+01  1.3394E+00
  1.1000E+02  2.3558E+01 -1.6449E+00 -2.0940E+00  1.9052E+01  1.7421E+01  1.6306E+00 -1.7152E+00
  1.1100E+02  2.2036E+01  8.9025E-01  9.1099E-01  2.4557E+01  1.6987E+01  7.5696E+00  6.1954E-01
  1.1200E+02  2.0578E+01 -7.9491E-01 -1.0788E+00  1.8485E+01  1.6543E+01  1.9422E+00 -1.1960E+00
  1.1300E+02  1.9197E+01 -7.9491E-01 -8.2330E-01  1.7830E+01  1.6098E+01  1.7320E+00 -1.0819E+00
  1.1400E+02  1.4481E+01 -9.2814E-01 -9.0048E-01  1.3155E+01  1.4395E+01 -1.2399E+00 -1.4382E+00
  1.1500E+02  6.1802E+00 -1.7637E-01  1.3688E-01  8.4222E+00  1.0256E+01 -1.8341E+00 -4.2367E-01
  1.1600E+02  2.6368E+00  4.1789E-02  2.6841E-01  4.9649E+00  7.3065E+00 -2.3416E+00 -6.7817E-02
  1.1700E+02  1.1250E+00 -7.9491E-01 -5.4618E-01 -3.1050E-01  5.2050E+00 -5.5155E+00 -7.4439E-01
  1.1800E+02  4.8000E-01 -1.0043E-01  1.2390E-01  1.4111E+00  3.7080E+00 -2.2969E+00  1.4203E-01
  1.1900E+02  2.0480E-01  1.5943E-01  2.4076E-01  1.4164E+00  2.6415E+00 -1.2251E+00  3.6356E-01
  1.2000E+02  0.0000E+00  0.0000E+00  0.0000E+00  0.0000E+00  0.0000E+00  0.0000E+00  0.0000E+00
  1.2100E+02  0.0000E+00 -4.4914E-01 -3.4843E-01 -1.4391E+00  0.0000E+00 -1.4391E+00 -3.4843E-01
  1.2200E+02  8.3244E+00 -1.4252E-01  4.9505E-03  8.5353E+00  9.3032E+00 -7.6789E-01  1.5010E-02
  1.2300E+02  1.2840E+01 -9.2039E-02 -1.9652E-02  1.3037E+01  1.4275E+01 -1.2383E+00 -3.6059E-03
  1.2400E+02  1.5221E+01 -1.5011E+00 -1.3313E+00  1.1623E+01  1.6823E+01 -5.2004E+00 -1.3517E+00
  1.2500E+02  1.6407E+01  9.0273E-01  8.6945E-01  1.9103E+01  1.8017E+01  1.0856E+00  9.1314E-01
  1.2600E+02  1.6925E+01  2.0537E+00  1.9109E+00  2.2441E+01  1.8458E+01  3.9833E+00  1.9784E+00
  1.2700E+02  1.7070E+01 -2.1280E+00 -1.8397E+00  1.2201E+01  1.8481E+01 -6.2802E+00 -1.8686E+00
  1.2800E+02  1.7010E+01  5.3401E-01  5.3279E-01  1.8646E+01  1.8277E+01  3.6917E-01  5.5606E-01
  1.2900E+02  1.6836E+01 -2.6198E-01 -2.5481E-01  1.6261E+01  1.7950E+01 -1.6893E+00 -2.4924E-01
  1.3000E+02  1.6602E+01  6.5366E-01  6.5178E-01  1.8519E+01  1.7561E+01  9.5806E-01  6.6926E-01
  1.3100E+02  1.6336E+01 -1.0884E-01 -1.1781E-01  1.6067E+01  1.7142E+01 -1.0748E+00 -1.1265E-01
  1.3200E+02  1.6055E+01 -1.0222E+00 -9.8585E-01  1.3287E+01  1.6711E+01 -3.4243E+00 -9.8867E-01
  1.3300E+02  1.5768E+01  1.6712E-02 -6.1976E-02  1.5586E+01  1.6280E+01 -6.9377E-01 -5.8031E-02
  1.3400E+02  1.4632E+01 -2.5069E-02 -1.2598E-01  1.4131E+01  1.4621E+01 -4.9040E-01 -1.2215E-01
  1.3500E+02  1.1656E+01 -2.0189E-01 -3.4261E-01  1.0141E+01  1.0556E+01 -4.1518E-01 -3.2024E-01
  1.3600E+02  9.2833E+00  1.5943E-01  4.4581E-02  8.8287E+00  7.6201E+00  1.2086E+00  6.8044E-02
  1.3700E+02  7.3939E+00  6.0276E-01  5.2268E-01  8.5356E+00  5.5006E+00  3.0350E+00  5.3491E-01
  1.3800E+02  5.8890E+00  1.6134E+00  1.5284E+00  1.0732E+01  3.9707E+00  6.7613E+00  1.5042E+00
  1.3900E+02  4.6904E+00  4.8642E-01  4.6181E-01  5.6827E+00  2.8663E+00  2.8164E+00  4.8499E-01
  1.4000E+02  0.0000E+00  0.0000E+00  0.0000E+00  0.0000E+00  0.0000E+00  0.0000E+00  0.0000E+00
  1.4100E+02  0.0000E+00 -3.8532E-01 -3.5690E-01 -1.4741E+00  0.0000E+00 -1.4741E+00 -3.5690E-01
  1.4200E+02  6.1372E+00  3.4956E-01  3.8764E-01  7.9728E+00  9.3097E+00 -1.3369E+00  4.6943E-01
  1.4300E+02  9.4770E+00 -4.3073E-01 -3.6507E-01  8.8496E+00  1.4297E+01 -5.4473E+00 -3.1136E-01
  1.4400E+02  1.1248E+01  5.7297E-01  5.3312E-01  1.3640E+01  1.6864E+01 -3.2243E+00  7.3043E-01
  1.4500E+02  1.2142E+01 -1.0222E+00 -8.9609E-01  1.0014E+01  1.8079E+01 -8.0654E+00 -9.0828E-01
  1.4600E+02  1.2543E+01 -6.4335E-01 -5.7437E-01  1.1450E+01  1.8541E+01 -7.0913E+00 -5.4109E-01
  1.4700E+02  1.2671E+01 -1.9337E-01 -1.2047E-01  1.2985E+01  1.8586E+01 -5.6011E+00 -2.2857E-02
  1.4800E+02  1.2646E+01  7.5270E-02  5.9729E-02  1.3505E+01  1.8402E+01 -4.8972E+00  1.7470E-01
  1.4900E+02  1.2538E+01 -8.3555E-03 -4.6403E-02  1.3047E+01  1.8095E+01 -5.0484E+00  4.0610E-02
  1.5000E+02  1.2385E+01 -7.6098E-01 -7.8322E-01  1.0564E+01  1.7725E+01 -7.1608E+00 -8.1279E-01
  1.5100E+02  1.2207E+01 -8.3652E-02 -4.3008E-02  1.2683E+01  1.7323E+01 -4.6404E+00  2.2017E-02
  1.5200E+02  1.2018E+01 -1.3205E+00 -1.2555E+00  8.6373E+00  1.6910E+01 -8.2724E+00 -1.3578E+00
  1.5300E+02  1.1823E+01 -3.8532E-01 -4.1916E-01  1.1059E+01  1.6494E+01 -5.4350E+00 -4.2004E-01
  1.5400E+02  1.1048E+01 -8.5359E-01 -8.4184E-01  8.8038E+00  1.4890E+01 -6.0858E+00 -9.0493E-01
  1.5500E+02  8.9873E+00  2.7064E-01  2.8228E-01  1.0215E+01  1.0916E+01 -7.0136E-01  2.7759E-01
  1.5600E+02  7.3098E+00  5.1484E-01  4.8609E-01  9.1337E+00  8.0022E+00  1.1315E+00  4.7696E-01
  1.5700E+02  5.9454E+00  5.1484E-01  4.1242E-01  7.4354E+00  5.8660E+00  1.5694E+00  4.0866E-01
  1.5800E+02  4.8356E+00 -4.3073E-01 -5.3579E-01  2.7340E+00  4.3000E+00 -1.5660E+00 -5.1609E-01
  1.5900E+02  3.9330E+00 -1.5097E-01 -1.6527E-01  3.1525E+00  3.1521E+00  3.9976E-04 -1.3651E-01
  1.6000E+02  0.0000E+00  0.0000E+00  0.0000E+00  0.0000E+00  0.0000E+00  0.0000E+00  0.0000E+00
  1.6100E+02  0.0000E+00  1.9337E-01  2.1137E-01  8.7304E-01  0.0000E+00  8.7304E-01  2.1137E-01
  1.6200E+02  1.1936E+01 -7.0630E-01 -7.5162E-01  9.3326E+00  9.3361E+00 -3.4723E-03 -6.8289E-01
  1.6300E+02  1.8431E+01 -1.1724E-01  1.0625E-01  1.8401E+01  1.4385E+01  4.0163E+00  1.3285E-01
  1.6400E+02  2.1875E+01 -9.6742E-01 -1.1511E+00  1.8791E+01  1.7031E+01  1.7600E+00 -9.1463E-01
  1.6500E+02  2.3611E+01 -3.8532E-01 -4.7385E-01  2.2161E+01  1.8333E+01  3.8283E+00 -3.1897E-01
  1.6600E+02  2.4391E+01  7.0630E-01  8.6252E-01  2.5832E+01  1.8884E+01  6.9484E+00  7.8204E-01
  1.6700E+02  2.4638E+01  1.2628E+00  1.3723E+00  2.7124E+01  1.9017E+01  8.1073E+00  1.1994E+00
  1.6800E+02  2.4589E+01  4.1789E-02 -4.9416E-04  2.4099E+01  1.8919E+01  5.1800E+00  9.7434E-02
  1.6900E+02  2.4378E+01  9.1537E-01  9.7909E-01  2.5978E+01  1.8695E+01  7.2828E+00  8.9682E-01
  1.7000E+02  2.4078E+01  1.2445E+00  1.3947E+00  2.6581E+01  1.8404E+01  8.1768E+00  1.2428E+00
  1.7100E+02  2.3732E+01 -7.6098E-01 -1.1037E+00  2.0701E+01  1.8079E+01  2.6222E+00 -7.8801E-01
  1.7200E+02  2.3362E+01  2.2754E-01  2.3450E-01  2.3277E+01  1.7737E+01  5.5395E+00  3.0959E-01
  1.7300E+02  2.2983E+01  1.0655E+00  1.1415E+00  2.4942E+01  1.7390E+01  7.5516E+00  1.0614E+00
  1.7400E+02  2.1472E+01 -4.0338E-01 -6.8458E-01  1.9075E+01  1.6027E+01  3.0484E+00 -4.4286E-01
  1.7500E+02  1.7455E+01 -2.6198E-01 -6.0876E-01  1.4777E+01  1.2504E+01  2.2732E+00 -3.8918E-01
  1.7600E+02  1.4187E+01  1.3008E+00  1.1011E+00  1.6292E+01  9.7540E+00  6.5380E+00  1.1136E+00
  1.7700E+02  1.1531E+01  1.1264E+00  1.0605E+00  1.3662E+01  7.6089E+00  6.0531E+00  1.0801E+00
  1.7800E+02  9.3727E+00  1.6134E+00  1.5403E+00  1.3293E+01  5.9356E+00  7.3574E+00  1.5202E+00
  1.7900E+02  7.6182E+00 -1.6712E-02 -8.4213E-02  6.0762E+00  4.6302E+00  1.4460E+00  2.7191E-03
  1.8000E+02  0.0000E+00  0.0000E+00  0.0000E+00  0.0000E+00  0.0000E+00  0.0000E+00  0.0000E+00
  1.8100E+02  0.0000E+00 -1.9337E-01 -8.9945E-02 -3.7150E-01  0.0000E+00 -3.7150E-01 -8.9945E-02
  1.8200E+02  6.5316E+00 -8.3652E-02 -1.0391E-01  6.5295E+00  9.3353E+00 -2.8058E+00 -7.5692E-02
  1.8300E+02  1.0102E+01 -1.9322E+00 -1.7606E+00  4.7900E+00  1.4382E+01 -9.5923E+00 -1.8804E+00
  1.8400E+02  1.2012E+01  4.6770E-01  3.1813E-01  1.3608E+01  1.7026E+01 -3.4184E+00  4.3755E-01
  1.8500E+02  1.2992E+01  5.4367E-01  4.6633E-01  1.5042E+01  1.8326E+01 -3.2837E+00  6.1568E-01
  1.8600E+02  1.3451E+01 -1.1750E+00 -1.1655E+00  1.0515E+01  1.8874E+01 -8.3591E+00 -1.2467E+00
  1.8700E+02  1.3618E+01  1.2445E+00  1.0038E+00  1.7271E+01  1.9005E+01 -1.7337E+00  1.2264E+00
  1.8800E+02  1.3624E+01 -4.4914E-01 -4.3916E-01  1.2888E+01  1.8905E+01 -6.0166E+00 -4.2657E-01
  1.8900E+02  1.3540E+01 -1.2265E+00 -1.0722E+00  1.0862E+01  1.8678E+01 -7.8165E+00 -1.1510E+00
  1.9000E+02  1.3407E+01 -8.7790E-01 -8.9120E-01  1.1253E+01  1.8385E+01 -7.1322E+00 -9.4856E-01
  1.9100E+02  1.3247E+01  5.8284E-01  4.4019E-01  1.5143E+01  1.8058E+01 -2.9146E+00  5.4915E-01
  1.9200E+02  1.3074E+01  9.2039E-02  1.0191E-01  1.3918E+01  1.7714E+01 -3.7961E+00  1.6086E-01
  1.9300E+02  1.2895E+01 -4.7704E-01 -5.6118E-01  1.1673E+01  1.7365E+01 -5.6921E+00 -5.8670E-01
  1.9400E+02  1.2172E+01  5.8284E-01  5.9700E-01  1.4497E+01  1.5994E+01 -1.4972E+00  6.7594E-01
  1.9500E+02  1.0206E+01 -6.7449E-01 -6.5631E-01  8.3015E+00  1.2457E+01 -4.1556E+00 -7.0255E-01
  1.9600E+02  8.5569E+00 -2.8802E-01 -3.7597E-01  7.3889E+00  9.7010E+00 -2.3121E+00 -4.0040E-01
  1.9700E+02  7.1741E+00 -2.3613E-01 -3.3341E-01  6.0079E+00  7.5546E+00 -1.5467E+00 -3.4445E-01
  1.9800E+02  6.0147E+00  2.2754E-01  2.3390E-01  6.8062E+00  5.8832E+00  9.2302E-01  2.3379E-01
  1.9900E+02  5.0427E+00  2.9674E-01  2.0300E-01  5.6810E+00  4.5815E+00  1.0995E+00  2.1135E-01
  2.0000E+02  0.0000E+00  0.0000E+00  0.0000E+00  0.0000E+00  0.0000E+00  0.0000E+00  0.0000E+00
  2.0100E+02  0.0000E+00 -1.5097E-01 -1.3762E-01 -5.6842E-01  0.0000E+00 -5.6842E-01 -1.3762E-01
  2.0200E+02  1.3666E+01  7.3885E-01  6.5558E-01  1.4825E+01  9.2918E+00  5.5332E+00  7.7057E-01
  2.0300E+02  2.0582E+01  3.6738E-01  4.8617E-01  2.0806E+01  1.4237E+01  6.5685E+00  7.1479E-01
  2.0400E+02  2.3752E+01  3.3428E-02 -1.6816E-02  2.2776E+01  1.6752E+01  6.0242E+00  3.4575E-01
  2.0500E+02  2.4859E+01  8.4162E-01  8.9133E-01  2.5909E+01  1.7909E+01  8.0000E+00  1.0275E+00
  2.0600E+02  2.4844E+01  1.0508E+00  1.2397E+00  2.6750E+01  1.8312E+01  8.4381E+00  1.2502E+00
  2.0700E+02  2.4235E+01 -5.2440E-01 -6.2398E-01  2.2268E+01  1.8299E+01  3.9693E+00 -3.0066E-01
  2.0800E+02  2.3326E+01 -5.4367E-01 -6.5560E-01  2.1373E+01  1.8059E+01  3.3142E+00 -4.1382E-01
  2.0900E+02  2.2280E+01  2.8802E-01  2.0410E-01  2.2413E+01  1.7698E+01  4.7146E+00  2.3564E-01
  2.1000E+02  2.1186E+01 -2.1898E-01 -3.9679E-01  2.0015E+01  1.7277E+01  2.7381E+00 -3.4346E-01
  2.1100E+02  2.0094E+01  1.5943E-01  1.5865E-02  2.0055E+01  1.6828E+01  3.2275E+00 -3.2584E-02
  2.1200E+02  1.9028E+01  8.2977E-01  8.7094E-01  2.1338E+01  1.6369E+01  4.9694E+00  7.0808E-01
  2.1300E+02  1.8003E+01 -1.9337E-01 -2.2307E-01  1.7573E+01  1.5910E+01  1.6626E+00 -3.3150E-01
  2.1400E+02  1.4374E+01 -4.2158E-01 -4.4818E-01  1.3612E+01  1.4162E+01 -5.5002E-01 -6.5003E-01
  2.1500E+02  7.2799E+00 -9.2814E-01 -7.5998E-01  5.6619E+00  9.9521E+00 -4.2902E+00 -1.0164E+00
  2.1600E+02  3.6862E+00 -1.1108E+00 -9.9239E-01  8.5935E-01  6.9926E+00 -6.1332E+00 -1.1816E+00
  2.1700E+02  1.8665E+00 -1.4252E-01  1.7261E-02  2.6520E+00  4.9131E+00 -2.2611E+00 -9.7104E-03
  2.1800E+02  9.4514E-01  1.2566E-01  1.1888E-01  1.9017E+00  3.4521E+00 -1.5504E+00  1.6243E-01
  2.1900E+02  4.7858E-01 -1.5943E-01 -1.1461E-01  3.0592E-01  2.4255E+00 -2.1196E+00 -4.0797E-02
  2.2000E+02  0.0000E+00  0.0000E+00  0.0000E+00  0.0000E+00  0.0000E+00  0.0000E+00  0.0000E+00
  2.2100E+02  0.0000E+00  2.1898E-01  1.6928E-01  6.9916E-01  0.0000E+00  6.9916E-01  1.6928E-01
  2.2200E+02  7.3500E+00  0.0000E+00 -2.3854E-02  7.5569E+00  9.2916E+00 -1.7347E+00  4.5761E-02
  2.2300E+02  1.1340E+01 -1.0043E-01 -1.2933E-01  1.1316E+01  1.4237E+01 -2.9210E+00 -1.9563E-02
  2.2400E+02  1.3446E+01 -8.7790E-01 -8.9249E-01  1.1144E+01  1.6751E+01 -5.6068E+00 -8.2446E-01
  2.2500E+02  1.4498E+01 -7.1707E-01 -7.5739E-01  1.2664E+01  1.7907E+01 -5.2435E+00 -6.8288E-01
  2.2600E+02  1.4961E+01 -5.7297E-01 -7.5771E-01  1.3131E+01  1.8310E+01 -5.1789E+00 -6.9628E-01
  2.2700E+02  1.5094E+01  4.0338E-01  3.3282E-01  1.6421E+01  1.8296E+01 -1.8751E+00  4.6189E-01
  2.2800E+02  1.5046E+01 -2.1043E-01 -3.2912E-01  1.4409E+01  1.8056E+01 -3.6467E+00 -2.7167E-01
  2.2900E+02  1.4898E+01  6.4335E-01  5.1398E-01  1.6692E+01  1.7695E+01 -1.0028E+00  6.0872E-01
  2.3000E+02  1.4696E+01  1.0884E-01  1.2444E-01  1.5315E+01  1.7273E+01 -1.9579E+00  1.7160E-01
  2.3100E+02  1.4466E+01 -1.6789E-01 -1.4695E-01  1.4247E+01  1.6823E+01 -2.5761E+00 -1.3475E-01
  2.3200E+02  1.4222E+01 -1.6134E+00 -1.6034E+00  9.6188E+00  1.6364E+01 -6.7450E+00 -1.6820E+00
  2.3300E+02  1.3973E+01  8.5359E-01  9.4726E-01  1.6966E+01  1.5905E+01  1.0608E+00  9.7869E-01
  2.3400E+02  1.2986E+01  4.7704E-01  4.6239E-01  1.4428E+01  1.4156E+01  2.7235E-01  4.1674E-01
  2.3500E+02  1.0391E+01  2.1898E-01  2.3046E-01  1.0853E+01  9.9438E+00  9.0916E-01  1.2508E-01
  2.3600E+02  8.3138E+00  1.2816E+00  1.2835E+00  1.2252E+01  6.9841E+00  5.2679E+00  1.1537E+00
  2.3700E+02  6.6517E+00  3.9434E-01  4.2876E-01  7.5679E+00  4.9053E+00  2.6626E+00  3.4941E-01
  2.3800E+02  5.3219E+00  5.8521E-02  1.7711E-01  5.2946E+00  3.4453E+00  1.8493E+00  1.3317E-01
  2.3900E+02  4.2579E+00 -6.6404E-01 -5.4778E-01  1.4880E+00  2.4198E+00 -9.3181E-01 -5.4289E-01
  2.4000E+02  0.0000E+00  0.0000E+00  0.0000E+00  0.0000E+00  0.0000E+00  0.0000E+00  0.0000E+00
  2.4100E+02  0.0000E+00 -6.6893E-02 -7.7578E-02 -3.2042E-01  0.0000E+00 -3.2042E-01 -7.7578E-02
  2.4200E+02  5.0240E+00  3.2304E-01  2.9608E-01  6.7460E+00  9.3253E+00 -2.5793E+00  4.4546E-01
  2.4300E+02  7.7855E+00  1.3409E-01 -6.5586E-03  8.6614E+00  1.4349E+01 -5.6876E+00  2.0779E-01
  2.4400E+02  9.2777E+00 -6.1281E-01 -5.8345E-01  8.3299E+00  1.6963E+01 -8.6331E+00 -4.3342E-01
  2.4500E+02  1.0058E+01 -5.8284E-01 -7.1861E-01  8.7517E+00  1.8229E+01 -9.4776E+00 -5.9114E-01
  2.4600E+02  1.0440E+01 -1.8339E+00 -1.4697E+00  6.7008E+00  1.8744E+01 -1.2043E+01 -1.5232E+00
  2.4700E+02  1.0599E+01  5.6315E-01  2.5318E-01  1.2519E+01  1.8840E+01 -6.3214E+00  5.7735E-01
  2.4800E+02  1.0633E+01 -7.6098E-01 -7.2764E-01  9.3268E+00  1.8707E+01 -9.3803E+00 -6.4736E-01
  2.4900E+02  1.0597E+01  3.6738E-01  8.0863E-02  1.1918E+01  1.8449E+01 -6.5310E+00  3.1630E-01
  2.5000E+02  1.0524E+01 -4.4914E-01 -4.8224E-01  9.9731E+00  1.8125E+01 -8.1518E+00 -3.9130E-01
  2.5100E+02  1.0430E+01 -1.3205E+00 -1.1723E+00  7.5797E+00  1.7768E+01 -1.0188E+01 -1.2415E+00
  2.5200E+02  1.0324E+01 -1.1264E+00 -1.0142E+00  7.9599E+00  1.7396E+01 -9.4363E+00 -1.0669E+00
  2.5300E+02  1.0213E+01  7.8350E-01  5.7051E-01  1.3055E+01  1.7020E+01 -3.9652E+00  7.9702E-01
  2.5400E+02  9.7569E+00 -8.9025E-01 -9.1630E-01  7.5450E+00  1.5554E+01 -8.0093E+00 -1.0094E+00
  2.5500E+02  8.4826E+00  2.8802E-01  2.7680E-01  1.0013E+01  1.1832E+01 -1.8195E+00  2.3829E-01
  2.5600E+02  7.3738E+00 -6.9562E-01 -6.3317E-01  5.4839E+00  9.0000E+00 -3.5161E+00 -7.3618E-01
  2.5700E+02  6.4099E+00  5.3401E-01  4.5572E-01  8.2221E+00  6.8455E+00  1.3766E+00  3.9793E-01
  2.5800E+02  5.5721E+00  1.9337E-01  2.2180E-01  6.4078E+00  5.2068E+00  1.2010E+00  1.8881E-01
  2.5900E+02  4.8437E+00  2.3613E-01  5.5451E-02  4.9566E+00  3.9604E+00  9.9622E-01  5.5298E-02
  2.6000E+02  0.0000E+00  0.0000E+00  0.0000E+00  0.0000E+00  0.0000E+00  0.0000E+00  0.0000E+00
  2.6100E+02  0.0000E+00 -2.3613E-01 -2.5432E-01 -1.0504E+00  0.0000E+00 -1.0504E+00 -2.5432E-01
  2.6200E+02  5.3026E+00 -3.3428E-02  1.0325E-02  5.8911E+00  9.3314E+00 -3.4403E+00  5.5301E-02
  2.6300E+02  8.1964E+00 -3.9434E-01 -3.2217E-01  7.8781E+00  1.4369E+01 -6.4910E+00 -2.8532E-01
  2.6400E+02  9.7396E+00  3.0548E-01  2.4953E-01  1.1491E+01  1.7001E+01 -5.5102E+00  4.1467E-01
  2.6500E+02  1.0526E+01 -1.6134E+00 -1.2732E+00  7.3182E+00  1.8287E+01 -1.0969E+01 -1.4044E+00
  2.6600E+02  1.0889E+01 -1.0655E+00 -7.8345E-01  9.3346E+00  1.8822E+01 -9.4876E+00 -8.0702E-01
  2.6700E+02  1.1015E+01 -3.3428E-02  7.6713E-03  1.2041E+01  1.8939E+01 -6.8984E+00  1.6182E-01
  2.6800E+02  1.1010E+01  1.4758E+00  1.1857E+00  1.5854E+01  1.8826E+01 -2.9720E+00  1.5968E+00
  2.6900E+02  1.0932E+01 -3.2304E-01 -3.3898E-01  1.0822E+01  1.8587E+01 -7.7651E+00 -2.5574E-01
  2.7000E+02  1.0815E+01 -8.0642E-01 -7.8387E-01  9.2415E+00  1.8282E+01 -9.0400E+00 -7.9095E-01
  2.7100E+02  1.0676E+01 -1.0083E+00 -1.0396E+00  8.2463E+00  1.7942E+01 -9.6958E+00 -1.0941E+00
  2.7200E+02  1.0527E+01 -4.1246E-01 -4.6944E-01  9.9437E+00  1.7587E+01 -7.6437E+00 -4.0848E-01
  2.7300E+02  1.0373E+01 -8.5359E-01 -8.5046E-01  8.5157E+00  1.7227E+01 -8.7118E+00 -8.5914E-01
  2.7400E+02  9.7545E+00 -5.0532E-01 -6.0861E-01  8.6114E+00  1.5818E+01 -7.2069E+00 -5.6336E-01
  2.7500E+02  8.0867E+00 -9.8085E-01 -1.0741E+00  5.0943E+00  1.2206E+01 -7.1113E+00 -1.0543E+00
  2.7600E+02  6.7033E+00 -5.2440E-01 -5.8960E-01  5.2004E+00  9.4168E+00 -4.2164E+00 -5.0416E-01
  2.7700E+02  5.5565E+00 -5.6315E-01 -7.1214E-01  3.4361E+00  7.2651E+00 -3.8290E+00 -6.2000E-01
  2.7800E+02  4.6059E+00 -1.3409E-01 -2.3481E-01  4.1310E+00  5.6051E+00 -1.4741E+00 -1.2400E-01
  2.7900E+02  3.8179E+00 -2.1043E-01 -2.3484E-01  3.2494E+00  4.3244E+00 -1.0750E+00 -1.2485E-01
  2.8000E+02  0.0000E+00  0.0000E+00  0.0000E+00  0.0000E+00  0.0000E+00  0.0000E+00  0.0000E+00
  2.8100E+02  0.0000E+00 -2.8802E-01 -3.0448E-01 -1.2576E+00  0.0000E+00 -1.2576E+00 -3.0448E-01
  2.8200E+02  7.4171E+00 -1.6789E-01 -2.1650E-01  6.8983E+00  9.3170E+00 -2.4187E+00 -1.8141E-01
  2.8300E+02  1.1460E+01 -1.0655E+00 -9.5547E-01  8.7259E+00  1.4321E+01 -5.5953E+00 -9.4342E-01
  2.8400E+02  1.3611E+01 -6.2293E-01 -6.2709E-01  1.2060E+01  1.6910E+01 -4.8503E+00 -5.8704E-01
  2.8500E+02  1.4702E+01 -6.5366E-01 -7.7564E-01  1.2764E+01  1.8149E+01 -5.3852E+00 -7.4977E-01
  2.8600E+02  1.5201E+01  1.0508E+00  7.3424E-01  1.7664E+01  1.8636E+01 -9.7151E-01  8.7791E-01
  2.8700E+02  1.5368E+01  2.3613E-01  1.9955E-01  1.6253E+01  1.8704E+01 -2.4514E+00  2.8770E-01
  2.8800E+02  1.5351E+01  6.6893E-02  5.3412E-02  1.5789E+01  1.8544E+01 -2.7550E+00  1.1713E-01
  2.8900E+02  1.5233E+01 -6.9562E-01 -4.4104E-01  1.4210E+01  1.8260E+01 -4.0497E+00 -4.2657E-01
  2.9000E+02  1.5060E+01 -9.1537E-01 -8.8500E-01  1.2709E+01  1.7911E+01 -5.2016E+00 -9.1163E-01
  2.9100E+02  1.4858E+01 -1.6712E-02 -9.5222E-02  1.4782E+01  1.7530E+01 -2.7476E+00 -7.8422E-02
  2.9200E+02  1.4640E+01 -4.6770E-01 -3.8556E-01  1.3680E+01  1.7135E+01 -3.4553E+00 -3.9651E-01
  2.9300E+02  1.4417E+01  1.3830E+00  1.2770E+00  1.8359E+01  1.6738E+01  1.6212E+00  1.3508E+00
  2.9400E+02  1.3521E+01 -5.6315E-01 -3.9029E-01  1.2386E+01  1.5197E+01 -2.8106E+00 -4.3371E-01
  2.9500E+02  1.1120E+01  1.5097E-01  1.9516E-01  1.1557E+01  1.1335E+01  2.2176E-01  1.3139E-01
  2.9600E+02  9.1447E+00 -8.3652E-02  4.7418E-02  8.9367E+00  8.4538E+00  4.8286E-01 -1.4740E-02
  2.9700E+02  7.5201E+00  6.0276E-01  6.1351E-01  9.1989E+00  6.3049E+00  2.8940E+00  5.5015E-01
  2.9800E+02  6.1841E+00  9.1537E-01  6.9260E-01  8.1492E+00  4.7022E+00  3.4470E+00  6.4118E-01
  2.9900E+02  5.0854E+00 -3.2304E-01 -3.4072E-01  3.2366E+00  3.5069E+00 -2.7030E-01 -3.4210E-01
  3.0000E+02  0.0000E+00  0.0000E+00  0.0000E+00  0.0000E+00  0.0000E+00  0.0000E+00  0.0000E+00
  3.0100E+02  0.0000E+00  2.5069E-02  7.1678E-02  2.9605E-01  0.0000E+00  2.9605E-01  7.1678E-02
  3.0200E+02  1.0724E+01  7.7219E-01  6.9837E-01  1.2864E+01  9.3614E+00  3.5026E+00  6.7814E-01
  3.0300E+02  1.6569E+01  1.2090E+00  1.2305E+00  1.9816E+01  1.4469E+01  5.3467E+00  1.1572E+00
  3.0400E+02  1.9678E+01  3.4956E-01  4.8887E-01  2.0708E+01  1.7192E+01  3.5158E+00  4.5860E-01
  3.0500E+02  2.1254E+01 -4.0338E-01 -2.8510E-01  2.0340E+01  1.8579E+01  1.7613E+00 -2.4038E-01
  3.0600E+02  2.1972E+01 -8.2977E-01 -7.5222E-01  1.9966E+01  1.9217E+01  7.4854E-01 -6.5463E-01
  3.0700E+02  2.2212E+01 -1.3408E+00 -1.3476E+00  1.8822E+01  1.9439E+01 -6.1668E-01 -1.1839E+00
  3.0800E+02  2.2186E+01  4.8642E-01  6.8163E-01  2.3543E+01  1.9428E+01  4.1153E+00  6.2460E-01
  3.0900E+02  2.2013E+01 -3.3428E-02  7.1765E-02  2.1939E+01  1.9289E+01  2.6505E+00  8.0230E-02
  3.1000E+02  2.1761E+01  1.1423E+00  1.2532E+00  2.4493E+01  1.9079E+01  5.4136E+00  1.1404E+00
  3.1100E+02  2.1466E+01  7.8350E-01  9.7735E-01  2.3563E+01  1.8833E+01  4.7298E+00  8.9546E-01
  3.1200E+02  2.1150E+01  7.0630E-01  6.6728E-01  2.2517E+01  1.8568E+01  3.9489E+00  6.1772E-01
  3.1300E+02  2.0825E+01 -1.4514E+00 -1.5475E+00  1.6775E+01  1.8294E+01 -1.5194E+00 -1.3915E+00
  3.1400E+02  1.9523E+01  5.2440E-01  5.9273E-01  2.0776E+01  1.7196E+01  3.5798E+00  5.5669E-01
  3.1500E+02  1.6038E+01 -9.2814E-01 -1.0828E+00  1.2688E+01  1.4238E+01 -1.5501E+00 -1.0185E+00
  3.1600E+02  1.3173E+01 -1.0043E-01 -2.9053E-01  1.2005E+01  1.1787E+01  2.1761E-01 -2.7569E-01
  3.1700E+02  1.0820E+01 -1.6789E-01 -2.9354E-01  9.5967E+00  9.7585E+00 -1.6180E-01 -2.8290E-01
  3.1800E+02  8.8868E+00  5.8284E-01  7.8783E-01  1.1326E+01  8.0788E+00  3.2472E+00  7.7384E-01
  3.1900E+02  7.2993E+00  1.1264E+00  1.2253E+00  1.1408E+01  6.6883E+00  4.7197E+00  1.2085E+00
  3.2000E+02  0.0000E+00  0.0000E+00  0.0000E+00  0.0000E+00  0.0000E+00  0.0000E+00  0.0000E+00
  3.2100E+02  0.0000E+00  3.6738E-01  3.7411E-01  1.5452E+00  0.0000E+00  1.5452E+00  3.7411E-01
  3.2200E+02  6.7624E+00 -2.2754E-01 -2.1027E-01  6.3148E+00  9.3335E+00 -3.0187E+00 -1.9024E-01
  3.2300E+02  1.0452E+01  3.8532E-01  2.7495E-01  1.1782E+01  1.4376E+01 -2.5943E+00  3.5899E-01
  3.2400E+02  1.2418E+01 -1.0655E+00 -9.0182E-01  1.0068E+01  1.7015E+01 -6.9469E+00 -9.3260E-01
  3.2500E+02  1.3418E+01 -1.0364E+00 -1.0152E+00  1.0811E+01  1.8308E+01 -7.4972E+00 -1.0637E+00
  3.2600E+02  1.3878E+01  1.5943E-01  1.3049E-01  1.4761E+01  1.8850E+01 -4.0894E+00  2.2487E-01
  3.2700E+02  1.4037E+01 -6.4335E-01 -5.4435E-01  1.2888E+01  1.8975E+01 -6.0869E+00 -5.4072E-01
  3.2800E+02  1.4028E+01 -7.2791E-01 -5.9665E-01  1.2712E+01  1.8869E+01 -6.1567E+00 -6.0426E-01
  3.2900E+02  1.3926E+01 -5.8521E-02  2.9658E-02  1.4478E+01  1.8637E+01 -4.1587E+00  9.4659E-02
  3.3000E+02  1.3774E+01 -9.1537E-01 -8.5551E-01  1.1640E+01  1.8338E+01 -6.6978E+00 -9.0283E-01
  3.3100E+02  1.3595E+01  1.5097E-01  1.8877E-01  1.4605E+01  1.8005E+01 -3.3998E+00  2.5883E-01
  3.3200E+02  1.3402E+01 -1.0043E-01 -1.1680E-01  1.3470E+01  1.7656E+01 -4.1862E+00 -8.7575E-02
  3.3300E+02  1.3203E+01  1.3616E+00  1.0692E+00  1.6893E+01  1.7302E+01 -4.0919E-01  1.2196E+00
  3.3400E+02  1.2406E+01 -1.1724E-01 -5.2468E-02  1.2601E+01  1.5914E+01 -3.3127E+00 -3.9996E-02
  3.3500E+02  1.0260E+01 -4.0338E-01 -3.3850E-01  9.3644E+00  1.2342E+01 -2.9774E+00 -3.6746E-01
  3.3600E+02  8.4843E+00 -1.7637E-01 -2.9915E-01  7.5676E+00  9.5703E+00 -2.0027E+00 -3.2378E-01
  3.3700E+02  7.0159E+00 -5.2440E-01 -6.2176E-01  4.8312E+00  7.4212E+00 -2.5900E+00 -6.3957E-01
  3.3800E+02  5.8016E+00 -2.7064E-01 -2.6260E-01  4.8111E+00  5.7547E+00 -9.4358E-01 -2.6731E-01
  3.3900E+02  4.7975E+00  4.1246E-01  4.3666E-01  6.3611E+00  4.4624E+00  1.8987E+00  4.3566E-01
  3.4000E+02  0.0000E+00  0.0000E+00  0.0000E+00  0.0000E+00  0.0000E+00  0.0000E+00  0.0000E+00
  3.4100E+02  0.0000E+00  5.0154E-02  7.5549E-02  3.1204E-01  0.0000E+00  3.1204E-01  7.5549E-02
  3.4200E+02  6.9401E+00  8.3652E-02 -9.4879E-02  6.9726E+00  9.3296E+00 -2.3570E+00  6.4642E-03
  3.4300E+02  1.0756E+01 -9.4107E-01 -9.5582E-01  8.1525E+00  1.4363E+01 -6.2106E+00 -8.5588E-01
  3.4400E+02  1.2820E+01 -1.8487E-01 -4.0833E-01  1.2120E+01  1.6990E+01 -4.8699E+00 -2.3187E-01
  3.4500E+02  1.3900E+01 -7.1707E-01 -6.0127E-01  1.2662E+01  1.8270E+01 -5.6082E+00 -4.4260E-01
  3.4600E+02  1.4430E+01 -8.1804E-01 -8.4848E-01  1.2470E+01  1.8799E+01 -6.3289E+00 -7.3028E-01
  3.4700E+02  1.4652E+01 -1.8339E+00 -1.9699E+00  9.3747E+00  1.8910E+01 -9.5353E+00 -1.9933E+00
  3.4800E+02  1.4702E+01  1.4279E+00  1.0846E+00  1.8400E+01  1.8791E+01 -3.9075E-01  1.3596E+00
  3.4900E+02  1.4656E+01 -2.8802E-01 -3.4965E-01  1.4095E+01  1.8546E+01 -4.4511E+00 -2.4995E-01
  3.5000E+02  1.4557E+01 -3.1425E-01 -3.3721E-01  1.3996E+01  1.8235E+01 -4.2390E+00 -2.6217E-01
  3.5100E+02  1.4430E+01  6.5366E-01  5.9713E-01  1.6603E+01  1.7890E+01 -1.2873E+00  7.2912E-01
  3.5200E+02  1.4287E+01 -1.1724E-01  3.4196E-02  1.4755E+01  1.7531E+01 -2.7755E+00  9.2013E-02
  3.5300E+02  1.4136E+01  6.7449E-01  5.9681E-01  1.6253E+01  1.7166E+01 -9.1288E-01  6.7393E-01
  3.5400E+02  1.3515E+01 -6.1281E-01 -3.7005E-01  1.2588E+01  1.5740E+01 -3.1517E+00 -4.3328E-01
  3.5500E+02  1.1778E+01  2.7064E-01  3.6963E-01  1.2801E+01  1.2094E+01  7.0702E-01  2.2168E-01
  3.5600E+02  1.0264E+01  6.6404E-01  7.5315E-01  1.2319E+01  9.2914E+00  3.0276E+00  5.7115E-01
  3.5700E+02  8.9436E+00  8.7790E-01  9.5429E-01  1.1550E+01  7.1383E+00  4.4117E+00  7.7360E-01
  3.5800E+02  7.7934E+00  5.9277E-01  5.6588E-01  8.9685E+00  5.4841E+00  3.4844E+00  4.3093E-01
  3.5900E+02  6.7911E+00  1.1724E-01  2.4459E-01  6.7483E+00  4.2133E+00  2.5350E+00  1.6042E-01
  3.6000E+02  0.0000E+00  0.0000E+00  0.0000E+00  0.0000E+00  0.0000E+00  0.0000E+00  0.0000E+00
  3.6100E+02  0.0000E+00 -1.4252E-01 -7.8193E-02 -3.2296E-01  0.0000E+00 -3.2296E-01 -7.8193E-02
  3.6200E+02  1.6630E+01 -3.2304E-01 -5.6666E-01  1.4465E+01  9.3165E+00  5.1485E+00 -3.0123E-01
  3.6300E+02  2.5392E+01  6.9562E-01  8.2457E-01  2.6456E+01  1.4320E+01  1.2136E+01  8.7490E-01
  3.6400E+02  2.9757E+01  4.3991E-01  4.0312E-01  2.9819E+01  1.6907E+01  1.2912E+01  6.3082E-01
  3.6500E+02  3.1673E+01 -8.5359E-01 -1.6796E+00  2.8395E+01  1.8144E+01  1.0251E+01 -5.6515E-01
  3.6600E+02  3.2234E+01  8.3555E-03 -2.7065E-01  3.1180E+01  1.8629E+01  1.2551E+01  2.4572E-01
  3.6700E+02  3.2051E+01  1.3205E+00  1.9874E+00  3.4463E+01  1.8696E+01  1.5767E+01  1.5219E+00
  3.6800E+02  3.1468E+01  1.0803E+00  1.0611E+00  3.2464E+01  1.8534E+01  1.3930E+01  9.6586E-01
  3.6900E+02  3.0677E+01  3.8532E-01  1.8145E-01  3.0248E+01  1.8248E+01  1.2000E+01  4.0764E-01
  3.7000E+02  2.9785E+01  1.1423E+00  1.2814E+00  3.1240E+01  1.7897E+01  1.3343E+01  1.0698E+00
  3.7100E+02  2.8852E+01  6.4335E-01  6.2536E-01  2.9189E+01  1.7515E+01  1.1674E+01  6.3012E-01
  3.7200E+02  2.7911E+01  2.3263E+00  3.1449E+00  3.3009E+01  1.7119E+01  1.5890E+01  2.3115E+00
  3.7300E+02  2.6980E+01 -3.8532E-01 -8.2778E-01  2.4518E+01  1.6720E+01  7.7975E+00 -4.2027E-01
  3.7400E+02  2.3485E+01 -1.3409E-01 -3.1378E-01  2.1881E+01  1.5175E+01  6.7063E+00 -1.7836E-01
  3.7500E+02  1.5431E+01 -4.1246E-01 -3.7843E-01  1.3470E+01  1.1305E+01  2.1648E+00 -3.7161E-01
  3.7600E+02  1.0138E+01 -1.9337E-01 -1.4502E-01  8.9478E+00  8.4212E+00  5.2658E-01 -1.4824E-01
  3.7700E+02  6.6599E+00 -1.8487E-01 -6.0429E-02  5.9032E+00  6.2729E+00 -3.6974E-01 -1.9483E-02
  3.7800E+02  4.3752E+00  1.1724E-01  2.8811E-01  5.0676E+00  4.6727E+00  3.9491E-01  3.7450E-01
  3.7900E+02  2.8743E+00 -4.1789E-02  1.6496E-01  3.2325E+00  3.4807E+00 -2.4817E-01  2.8294E-01
  3.8000E+02  0.0000E+00  0.0000E+00  0.0000E+00  0.0000E+00  0.0000E+00  0.0000E+00  0.0000E+00
  3.8100E+02  0.0000E+00  9.2039E-02  1.2277E-02  5.0709E-02  0.0000E+00  5.0709E-02  1.2277E-02
  3.8200E+02  8.3723E+00 -1.0803E+00 -9.5633E-01  5.1043E+00  9.3232E+00 -4.2189E+00 -9.7243E-01
  3.8300E+02  1.2848E+01 -3.2304E-01 -2.9346E-01  1.1996E+01  1.4342E+01 -2.3460E+00 -2.9776E-01
  3.8400E+02  1.5143E+01 -2.1043E-01 -4.2541E-02  1.5094E+01  1.6950E+01 -1.8557E+00 -3.6965E-02
  3.8500E+02  1.6220E+01 -3.2304E-01 -1.3826E-01  1.5925E+01  1.8209E+01 -2.2840E+00 -1.3340E-01
  3.8600E+02  1.6619E+01  1.2816E+00  1.1935E+00  2.0068E+01  1.8716E+01  1.3517E+00  1.2575E+00
  3.8700E+02  1.6643E+01 -1.2090E+00 -1.0810E+00  1.3769E+01  1.8806E+01 -5.0370E+00 -1.1126E+00
  3.8800E+02  1.6461E+01 -1.1585E+00 -1.0406E+00  1.3709E+01  1.8666E+01 -4.9569E+00 -1.0696E+00
  3.8900E+02  1.6170E+01  1.6789E-01  2.0149E-01  1.6929E+01  1.8401E+01 -1.4721E+00  2.3474E-01
  3.9000E+02  1.5821E+01  1.4252E-01  6.7034E-02  1.6226E+01  1.8071E+01 -1.8446E+00  9.6633E-02
  3.9100E+02  1.5446E+01 -6.9562E-01 -6.7340E-01  1.3739E+01  1.7707E+01 -3.9684E+00 -6.7975E-01
  3.9200E+02  1.5061E+01  1.1423E+00  9.9499E-01  1.8221E+01  1.7330E+01  8.9101E-01  1.0793E+00
  3.9300E+02  1.4674E+01 -2.3613E-01 -4.3838E-01  1.3661E+01  1.6949E+01 -3.2875E+00 -4.2858E-01
  3.9400E+02  1.3188E+01  5.6315E-01  4.9291E-01  1.5054E+01  1.5463E+01 -4.0929E-01  5.6110E-01
  3.9500E+02  9.5405E+00 -1.8487E-01 -2.5858E-01  9.1650E+00  1.1705E+01 -2.5401E+00 -2.2208E-01
  3.9600E+02  6.9007E+00 -8.5359E-01 -8.8625E-01  4.2707E+00  8.8590E+00 -4.5883E+00 -8.7640E-01
  3.9700E+02  4.9913E+00 -6.9562E-01 -7.9019E-01  2.5677E+00  6.7050E+00 -4.1373E+00 -7.7476E-01
  3.9800E+02  3.6102E+00 -6.4335E-01 -6.2703E-01  1.6778E+00  5.0747E+00 -3.3969E+00 -6.0727E-01
  3.9900E+02  2.6113E+00 -6.8502E-01 -5.3323E-01  9.3494E-01  3.8408E+00 -2.9058E+00 -5.1348E-01
  4.0000E+02  0.0000E+00  0.0000E+00  0.0000E+00  0.0000E+00  0.0000E+00  0.0000E+00  0.0000E+00
  4.0100E+02  0.0000E+00 -2.1898E-01 -1.5418E-01 -6.3680E-01  0.0000E+00 -6.3680E-01 -1.5418E-01
  4.0200E+02  9.0279E+00 -9.8085E-01 -7.8068E-01  6.3595E+00  9.3104E+00 -2.9509E+00 -7.8267E-01
  4.0300E+02  1.3880E+01  6.4335E-01  6.6595E-01  1.5855E+01  1.4299E+01  1.5558E+00  6.6693E-01
  4.0400E+02  1.6392E+01 -3.9434E-01 -2.3049E-01  1.5698E+01  1.6869E+01 -1.1705E+00 -2.2927E-01
  4.0500E+02  1.7598E+01 -7.8350E-01 -6.3869E-01  1.5805E+01  1.8086E+01 -2.2808E+00 -6.3507E-01
  4.0600E+02  1.8074E+01 -8.5359E-01 -7.2906E-01  1.6053E+01  1.8550E+01 -2.4969E+00 -7.2450E-01
  4.0700E+02  1.8146E+01 -6.5366E-01 -5.8536E-01  1.6503E+01  1.8597E+01 -2.0939E+00 -5.8172E-01
  4.0800E+02  1.7995E+01  1.1423E+00  1.1219E+00  2.0913E+01  1.8415E+01  2.4977E+00  1.1163E+00
  4.0900E+02  1.7724E+01  5.8284E-01  5.7931E-01  1.9193E+01  1.8111E+01  1.0825E+00  5.7681E-01
  4.1000E+02  1.7391E+01  4.0338E-01  3.2771E-01  1.8181E+01  1.7742E+01  4.3915E-01  3.2648E-01
  4.1100E+02  1.7026E+01 -5.0532E-01 -3.7706E-01  1.5875E+01  1.7342E+01 -1.4673E+00 -3.7568E-01
  4.1200E+02  1.6648E+01  4.9585E-01  5.5300E-01  1.8073E+01  1.6930E+01  1.1426E+00  5.5120E-01
  4.1300E+02  1.6267E+01  3.2304E-01  2.5911E-01  1.6874E+01  1.6516E+01  3.5771E-01  2.5827E-01
  4.1400E+02  1.4787E+01 -3.0548E-01 -3.1280E-01  1.3723E+01  1.4918E+01 -1.1947E+00 -3.1220E-01
  4.1500E+02  1.1070E+01 -1.0954E+00 -1.0349E+00  7.5339E+00  1.0954E+01 -3.4204E+00 -1.0298E+00
  4.1600E+02  8.2869E+00  4.1246E-01  4.2051E-01  9.5438E+00  8.0428E+00  1.5010E+00  4.1749E-01
  4.1700E+02  6.2032E+00  1.0884E-01  4.9188E-02  6.1862E+00  5.9051E+00  2.8107E-01  4.9065E-02
  4.1800E+02  4.6435E+00  2.1043E-01  1.0283E-01  4.8479E+00  4.3356E+00  5.1228E-01  1.0247E-01
  4.1900E+02  3.4759E+00  1.2566E-01  1.2623E-01  3.7991E+00  3.1833E+00  6.1584E-01  1.2588E-01
  4.2000E+02  0.0000E+00  0.0000E+00  0.0000E+00  0.0000E+00  0.0000E+00  0.0000E+00  0.0000E+00
  4.2100E+02  0.0000E+00 -5.8521E-02 -8.8703E-02 -3.6637E-01  0.0000E+00 -3.6637E-01 -8.8703E-02
  4.2200E+02  1.0327E+01 -9.2039E-02  8.3766E-02  1.0344E+01  9.3199E+00  1.0241E+00  1.1142E-01
  4.2300E+02  1.5784E+01 -1.6712E-02  2.7190E-01  1.6229E+01  1.4331E+01  1.8980E+00  3.0981E-01
  4.2400E+02  1.8520E+01 -5.1484E-01 -3.0845E-01  1.7370E+01  1.6929E+01  4.4118E-01 -2.2868E-01
  4.2500E+02  1.9738E+01 -6.6404E-01 -4.6611E-01  1.8243E+01  1.8177E+01  6.5684E-02 -3.7536E-01
  4.2600E+02  2.0115E+01  1.6449E+00  1.6676E+00  2.4027E+01  1.8673E+01  5.3536E+00  1.6147E+00
  4.2700E+02  2.0030E+01  6.9562E-01  7.5133E-01  2.1692E+01  1.8752E+01  2.9399E+00  7.5202E-01
  4.2800E+02  1.9696E+01 -8.0642E-01 -5.6633E-01  1.8074E+01  1.8601E+01 -5.2719E-01 -5.0216E-01
  4.2900E+02  1.9231E+01  1.1724E-01  2.0108E-01  1.9617E+01  1.8326E+01  1.2910E+00  2.1774E-01
  4.3000E+02  1.8702E+01 -5.8284E-01 -4.4507E-01  1.7450E+01  1.7986E+01 -5.3562E-01 -4.1198E-01
  4.3100E+02  1.8146E+01 -1.2628E+00 -1.2035E+00  1.4898E+01  1.7613E+01 -2.7150E+00 -1.1591E+00
  4.3200E+02  1.7582E+01  1.0083E+00  1.0204E+00  2.0362E+01  1.7227E+01  3.1355E+00  9.9931E-01
  4.3300E+02  1.7024E+01 -8.0642E-01 -9.4713E-01  1.4467E+01  1.6836E+01 -2.3695E+00 -9.3559E-01
  4.3400E+02  1.4917E+01  1.3409E-01 -5.3469E-02  1.4981E+01  1.5321E+01 -3.4036E-01 -7.4509E-02
  4.3500E+02  9.9981E+00 -4.0338E-01 -5.0880E-01  8.8459E+00  1.1508E+01 -2.6617E+00 -5.5969E-01
  4.3600E+02  6.7003E+00  1.0884E-01  9.2279E-02  7.6807E+00  8.6419E+00 -9.6123E-01  7.1226E-02
  4.3700E+02  4.4902E+00 -6.4335E-01 -6.0002E-01  2.8642E+00  6.4899E+00 -3.6257E+00 -6.3979E-01
  4.3800E+02  3.0091E+00 -5.4367E-01 -4.1603E-01  1.9533E+00  4.8737E+00 -2.9204E+00 -4.3576E-01
  4.3900E+02  2.0166E+00 -3.0548E-01 -1.6650E-01  1.8236E+00  3.6601E+00 -1.8365E+00 -1.6728E-01
  4.4000E+02  0.0000E+00  0.0000E+00  0.0000E+00  0.0000E+00  0.0000E+00  0.0000E+00  0.0000E+00
  4.4100E+02  0.0000E+00  5.0532E-01  4.4605E-01  1.8423E+00  0.0000E+00  1.8423E+00  4.4605E-01
  4.4200E+02  1.0577E+01  1.3409E-01  2.3317E-01  1.1117E+01  9.3266E+00  1.7904E+00  2.3885E-01
  4.4300E+02  1.6248E+01  8.5359E-01  1.1448E+00  1.9169E+01  1.4353E+01  4.8159E+00  1.0985E+00
  4.4400E+02  1.9172E+01 -6.0276E-01 -4.3917E-01  1.7697E+01  1.6971E+01  7.2620E-01 -3.7416E-01
  4.4500E+02  2.0560E+01  4.5840E-01  7.1597E-01  2.1983E+01  1.8241E+01  3.7419E+00  6.8334E-01
  4.4600E+02  2.1094E+01  3.5846E-01  5.8347E-01  2.2164E+01  1.8760E+01  3.4043E+00  5.5934E-01
  4.4700E+02  2.1153E+01 -1.2090E+00 -1.1717E+00  1.7968E+01  1.8861E+01 -8.9259E-01 -1.0407E+00
  4.4800E+02  2.0952E+01  4.3073E-01  5.3059E-01  2.1914E+01  1.8731E+01  3.1826E+00  5.0633E-01
  4.4900E+02  2.0612E+01  8.2977E-01  9.0081E-01  2.2512E+01  1.8477E+01  4.0349E+00  8.4436E-01
  4.5000E+02  2.0199E+01  8.3652E-02  8.4057E-02  2.0095E+01  1.8157E+01  1.9382E+00  9.0530E-02
  4.5100E+02  1.9750E+01 -1.3409E-01 -8.9806E-02  1.9219E+01  1.7803E+01  1.4157E+00 -7.4441E-02
  4.5200E+02  1.9287E+01  1.2566E-01 -2.6901E-02  1.8926E+01  1.7435E+01  1.4909E+00 -1.9923E-02
  4.5300E+02  1.8821E+01 -5.7297E-01 -7.2955E-01  1.6634E+01  1.7062E+01 -4.2838E-01 -6.8217E-01
  4.5400E+02  1.7021E+01 -2.9674E-01 -4.8504E-01  1.5448E+01  1.5608E+01 -1.5992E-01 -4.7148E-01
  4.5500E+02  1.2547E+01 -6.0276E-01 -7.4769E-01  1.0097E+01  1.1908E+01 -1.8108E+00 -7.5789E-01
  4.5600E+02  9.2470E+00  3.7634E-01  3.1618E-01  1.0283E+01  9.0837E+00  1.1993E+00  2.8780E-01
  4.5700E+02  6.8152E+00  2.7932E-01  1.9998E-01  7.5491E+00  6.9293E+00  6.1982E-01  1.7598E-01
  4.5800E+02  5.0230E+00  4.6770E-01  5.7061E-01  7.1956E+00  5.2859E+00  1.9097E+00  5.5277E-01
  4.5900E+02  3.7020E+00  4.1246E-01  4.4964E-01  5.4852E+00  4.0322E+00  1.4530E+00  4.3603E-01
  4.6000E+02  0.0000E+00  0.0000E+00  0.0000E+00  0.0000E+00  0.0000E+00  0.0000E+00  0.0000E+00
  4.6100E+02  0.0000E+00 -1.0043E-01 -1.5119E-01 -6.2445E-01  0.0000E+00 -6.2445E-01 -1.5119E-01
  4.6200E+02  1.4346E+01 -8.3555E-03 -8.1505E-03  1.3398E+01  9.3234E+00  4.0746E+00  2.0979E-01
  4.6300E+02  2.1694E+01 -1.9337E-01  6.9172E-03  2.0635E+01  1.4343E+01  6.2925E+00  3.8608E-01
  4.6400E+02  2.5148E+01  5.0154E-02  2.1772E-01  2.4592E+01  1.6951E+01  7.6412E+00  6.0803E-01
  4.6500E+02  2.6449E+01  1.2816E+00  1.7345E+00  2.9019E+01  1.8211E+01  1.0808E+01  1.7058E+00
  4.6600E+02  2.6574E+01  5.4367E-01  6.8604E-01  2.7174E+01  1.8719E+01  8.4554E+00  8.7805E-01
  4.6700E+02  2.6068E+01 -5.5338E-01 -6.9003E-01  2.4045E+01  1.8809E+01  5.2361E+00 -2.3654E-01
  4.6800E+02  2.5236E+01  7.5270E-02  1.6378E-01  2.5106E+01  1.8669E+01  6.4367E+00  3.3303E-01
  4.6900E+02  2.4249E+01  9.9446E-01  1.0724E+00  2.6261E+01  1.8405E+01  7.8560E+00  9.9205E-01
  4.7000E+02  2.3199E+01 -6.2293E-01 -7.5041E-01  2.1333E+01  1.8075E+01  3.2579E+00 -5.6996E-01
  4.7100E+02  2.2139E+01  1.1108E+00  1.0454E+00  2.4573E+01  1.7712E+01  6.8606E+00  8.8671E-01
  4.7200E+02  2.1097E+01 -1.6781E+00 -2.0183E+00  1.6318E+01  1.7335E+01 -1.0175E+00 -1.8334E+00
  4.7300E+02  2.0086E+01  1.2090E+00  1.0396E+00  2.2964E+01  1.6954E+01  6.0095E+00  8.2625E-01
  4.7400E+02  1.6448E+01 -9.1537E-01 -1.0018E+00  1.4390E+01  1.5471E+01 -1.0808E+00 -1.1961E+00
  4.7500E+02  8.9909E+00 -4.1246E-01 -4.5403E-01  8.9000E+00  1.1716E+01 -2.8156E+00 -7.7069E-01
  4.7600E+02  4.9136E+00 -7.2791E-01 -5.7494E-01  4.1904E+00  8.8706E+00 -4.6802E+00 -8.2701E-01
  4.7700E+02  2.6854E+00 -5.5338E-01 -3.9926E-01  2.2517E+00  6.7165E+00 -4.4648E+00 -5.2622E-01
  4.7800E+02  1.4676E+00 -6.8502E-01 -3.4316E-01  8.9925E-01  5.0855E+00 -4.1863E+00 -3.6564E-01
  4.7900E+02  8.0206E-01 -7.8350E-01 -5.1880E-01 -7.6163E-01  3.8506E+00 -4.6122E+00 -4.7479E-01
  4.8000E+02  0.0000E+00  0.0000E+00  0.0000E+00  0.0000E+00  0.0000E+00  0.0000E+00  0.0000E+00
  4.8100E+02  0.0000E+00  2.5069E-02 -6.7080E-02 -2.7706E-01  0.0000E+00 -2.7706E-01 -6.7080E-02
  4.8200E+02  1.6171E+01 -1.2566E-01 -6.9743E-02  1.4937E+01  9.3239E+00  5.6131E+00  2.2608E-01
  4.8300E+02  2.4476E+01 -1.7637E-01 -4.3579E-01  2.2370E+01  1.4344E+01  8.0257E+00  1.9633E-01
  4.8400E+02  2.8403E+01  3.0548E-01  2.5272E-01  2.7784E+01  1.6954E+01  1.0830E+01  7.7135E-01
  4.8500E+02  2.9908E+01  2.0537E+00  2.7992E+00  3.3748E+01  1.8216E+01  1.5532E+01  2.3671E+00
  4.8600E+02  3.0088E+01  8.2977E-01  7.7280E-01  3.0535E+01  1.8725E+01  1.1810E+01  1.0115E+00
  4.8700E+02  2.9554E+01  1.8487E-01  1.9757E-03  2.8792E+01  1.8817E+01  9.9746E+00  4.1676E-01
  4.8800E+02  2.8651E+01 -1.4252E-01 -4.1828E-01  2.7233E+01  1.8680E+01  8.5534E+00  2.0503E-02
  4.8900E+02  2.7570E+01  4.8642E-01  4.2005E-01  2.7830E+01  1.8417E+01  9.4130E+00  4.9722E-01
  4.9000E+02  2.6415E+01  1.5274E+00  1.8383E+00  2.9673E+01  1.8089E+01  1.1584E+01  1.4584E+00
  4.9100E+02  2.5246E+01 -4.3073E-01 -8.9199E-01  2.3075E+01  1.7727E+01  5.3475E+00 -6.6417E-01
  4.9200E+02  2.4093E+01  8.5359E-01  7.3922E-01  2.5532E+01  1.7352E+01  8.1800E+00  5.2844E-01
  4.9300E+02  2.2973E+01 -1.4758E+00 -1.8857E+00  1.8616E+01  1.6972E+01  1.6437E+00 -1.6582E+00
  4.9400E+02  1.8926E+01 -1.6789E-01 -2.9650E-01  1.8537E+01  1.5494E+01  3.0435E+00 -5.5877E-01
  4.9500E+02  1.0536E+01 -1.3409E-01 -1.4522E-01  1.1197E+01  1.1747E+01 -5.5030E-01 -5.4081E-01
  4.9600E+02  5.8641E+00 -1.5943E-01 -4.3750E-02  6.9259E+00  8.9057E+00 -1.9798E+00 -3.3299E-01
  4.9700E+02  3.2638E+00 -3.3428E-02  3.9251E-02  4.4351E+00  6.7514E+00 -2.3163E+00 -1.0921E-01
  4.9800E+02  1.8166E+00 -5.9277E-01 -5.0440E-01  5.6404E-01  5.1182E+00 -4.5542E+00 -5.7296E-01
  4.9900E+02  1.0111E+00 -1.8487E-01 -5.1985E-02  1.3267E+00  3.8801E+00 -2.5534E+00  1.5635E-03
  5.0000E+02  0.0000E+00  0.0000E+00  0.0000E+00  0.0000E+00  0.0000E+00  0.0000E+00  0.0000E+00
  5.0100E+02  0.0000E+00  4.8642E-01  3.6503E-01  1.5077E+00  0.0000E+00  1.5077E+00  3.6503E-01
  5.0200E+02  1.2162E+01  6.9562E-01  8.3397E-01  1.4251E+01  9.3072E+00  4.9438E+00  8.7290E-01
  5.0300E+02  1.8425E+01  1.9337E-01  3.3935E-01  1.8683E+01  1.4289E+01  4.3944E+00  4.6660E-01
  5.0400E+02  2.1405E+01  6.6893E-02  8.8393E-02  2.1009E+01  1.6848E+01  4.1606E+00  2.6862E-01
  5.0500E+02  2.2565E+01 -5.9277E-01 -5.3360E-01  2.0798E+01  1.8055E+01  2.7426E+00 -2.6917E-01
  5.0600E+02  2.2729E+01  7.2791E-01  8.6096E-01  2.4266E+01  1.8509E+01  5.7571E+00  8.8926E-01
  5.0700E+02  2.2355E+01  1.6789E-01  2.1315E-01  2.2509E+01  1.8545E+01  3.9635E+00  3.0224E-01
  5.0800E+02  2.1702E+01  2.0537E+00  1.8493E+00  2.5867E+01  1.8354E+01  7.5134E+00  1.7124E+00
  5.0900E+02  2.0912E+01 -1.4514E+00 -1.6820E+00  1.6664E+01  1.8039E+01 -1.3752E+00 -1.4665E+00
  5.1000E+02  2.0065E+01 -1.3830E+00 -1.3677E+00  1.6596E+01  1.7661E+01 -1.0653E+00 -1.2367E+00
  5.1100E+02  1.9205E+01  1.0803E+00  9.4408E-01  2.1713E+01  1.7253E+01  4.4600E+00  8.6786E-01
  5.1200E+02  1.8355E+01 -4.2158E-01 -4.6837E-01  1.7280E+01  1.6833E+01  4.4723E-01 -4.7586E-01
  5.1300E+02  1.7527E+01  5.6315E-01  3.9311E-01  1.8856E+01  1.6411E+01  2.4452E+00  3.2527E-01
  5.1400E+02  1.4526E+01 -2.1898E-01 -2.8595E-01  1.4259E+01  1.4785E+01 -5.2636E-01 -3.8246E-01
  5.1500E+02  8.2330E+00 -1.5943E-01 -2.6978E-01  8.3436E+00  1.0776E+01 -2.4321E+00 -3.8174E-01
  5.1600E+02  4.6653E+00 -8.5359E-01 -7.9511E-01  2.7162E+00  7.8523E+00 -5.1361E+00 -8.9408E-01
  5.1700E+02  2.6437E+00 -1.0222E+00 -9.4809E-01 -2.2647E-01  5.7220E+00 -5.9484E+00 -9.9985E-01
  5.1800E+02  1.4981E+00 -4.5840E-01 -3.0205E-01  9.1058E-01  4.1696E+00 -3.2590E+00 -2.6716E-01
  5.1900E+02  8.4889E-01 -6.8502E-01 -5.0501E-01 -7.6718E-01  3.0384E+00 -3.8056E+00 -4.4864E-01
  5.2000E+02  0.0000E+00  0.0000E+00  0.0000E+00  0.0000E+00  0.0000E+00  0.0000E+00  0.0000E+00
  5.2100E+02  0.0000E+00 -1.7637E-01 -1.5765E-01 -6.5115E-01  0.0000E+00 -6.5115E-01 -1.5765E-01
  5.2200E+02  6.7727E+00 -1.0655E+00 -1.0438E+00  3.3680E+00  9.3121E+00 -5.9441E+00 -1.0521E+00
  5.2300E+02  1.0454E+01 -1.5548E+00 -1.3554E+00  6.4658E+00  1.4305E+01 -7.8390E+00 -1.3923E+00
  5.2400E+02  1.2402E+01  3.2304E-01  4.3116E-02  1.3054E+01  1.6879E+01 -3.8252E+00  1.5467E-01
  5.2500E+02  1.3379E+01  1.3409E-01  8.0082E-02  1.4153E+01  1.8102E+01 -3.9489E+00  1.9969E-01
  5.2600E+02  1.3814E+01  5.0532E-01  2.1797E-01  1.4996E+01  1.8572E+01 -3.5757E+00  3.4859E-01
  5.2700E+02  1.3946E+01 -1.0364E+00 -1.0939E+00  1.1168E+01  1.8624E+01 -7.4563E+00 -1.1336E+00
  5.2800E+02  1.3910E+01  1.4252E-01  1.3913E-01  1.4822E+01  1.8448E+01 -3.6260E+00  2.3537E-01
  5.2900E+02  1.3782E+01 -1.3008E+00 -1.1077E+00  1.0910E+01  1.8148E+01 -7.2384E+00 -1.1672E+00
  5.3000E+02  1.3604E+01 -1.4252E-01 -5.6039E-02  1.3886E+01  1.7785E+01 -3.8987E+00 -9.3152E-03
  5.3100E+02  1.3400E+01  1.6712E-02  2.6415E-02  1.3911E+01  1.7390E+01 -3.4789E+00  6.9269E-02
  5.3200E+02  1.3183E+01  8.6568E-01  7.3696E-01  1.5853E+01  1.6982E+01 -1.1294E+00  8.3753E-01
  5.3300E+02  1.2961E+01 -1.2090E+00 -1.0144E+00  1.0218E+01  1.6572E+01 -6.3544E+00 -1.0911E+00
  5.3400E+02  1.2079E+01  8.5359E-01  9.5310E-01  1.5392E+01  1.4988E+01  4.0378E-01  1.0058E+00
  5.3500E+02  9.7448E+00 -1.5097E-01 -1.0258E-01  9.4992E+00  1.1050E+01 -1.5509E+00 -1.6796E-01
  5.3600E+02  7.8610E+00  1.5097E-01  2.0913E-01  8.5407E+00  8.1456E+00  3.9512E-01  1.4586E-01
  5.3700E+02  6.3413E+00  4.3991E-01  3.7646E-01  7.5509E+00  6.0045E+00  1.5464E+00  3.2158E-01
  5.3800E+02  5.1154E+00 -7.7219E-01 -6.5592E-01  2.4598E+00  4.4262E+00 -1.9664E+00 -6.8072E-01
  5.3900E+02  4.1265E+00 -2.9674E-01 -3.2366E-01  2.6450E+00  3.2628E+00 -6.1776E-01 -3.3760E-01
  5.4000E+02  0.0000E+00  0.0000E+00  0.0000E+00  0.0000E+00  0.0000E+00  0.0000E+00  0.0000E+00
  5.4100E+02  0.0000E+00  3.7634E-01  3.4583E-01  1.4284E+00  0.0000E+00  1.4284E+00  3.4583E-01
  5.4200E+02  9.5666E+00 -1.2566E-01 -6.7021E-02  9.3231E+00  9.3278E+00 -4.7132E-03 -6.2143E-02
  5.4300E+02  1.4753E+01  6.0276E-01  6.9449E-01  1.6756E+01  1.4357E+01  2.3988E+00  6.8694E-01
  5.4400E+02  1.7485E+01 -1.4279E+00 -1.3402E+00  1.3775E+01  1.6979E+01 -3.2036E+00 -1.2890E+00
  5.4500E+02  1.8842E+01 -8.2977E-01 -7.0077E-01  1.6927E+01  1.8253E+01 -1.3260E+00 -6.6424E-01
  5.4600E+02  1.9432E+01  4.1789E-02  2.5892E-01  1.9989E+01  1.8776E+01  1.2132E+00  2.5880E-01
  5.4700E+02  1.9594E+01  5.8284E-01  8.3632E-01  2.1599E+01  1.8881E+01  2.7181E+00  8.1147E-01
  5.4800E+02  1.9519E+01 -2.5335E-01 -2.0242E-01  1.8851E+01  1.8756E+01  9.5264E-02 -1.8350E-01
  5.4900E+02  1.9314E+01  8.4162E-01  9.4865E-01  2.1585E+01  1.8505E+01  3.0796E+00  9.1872E-01
  5.5000E+02  1.9039E+01  7.9491E-01  7.9648E-01  2.0916E+01  1.8189E+01  2.7271E+00  7.7312E-01
  5.5100E+02  1.8728E+01  2.3613E-01  2.9350E-01  1.9287E+01  1.7839E+01  1.4480E+00  2.9093E-01
  5.5200E+02  1.8401E+01 -4.3073E-01 -4.4130E-01  1.7002E+01  1.7474E+01 -4.7222E-01 -4.1438E-01
  5.5300E+02  1.8066E+01 -1.1585E+00 -1.3138E+00  1.4303E+01  1.7105E+01 -2.8018E+00 -1.2528E+00
  5.5400E+02  1.6743E+01  3.4069E-01  2.4137E-01  1.7097E+01  1.5662E+01  1.4351E+00  2.4014E-01
  5.5500E+02  1.3287E+01  3.4069E-01  2.1590E-01  1.3476E+01  1.1984E+01  1.4921E+00  2.1453E-01
  5.5600E+02  1.0543E+01  8.1804E-01  8.9699E-01  1.2928E+01  9.1684E+00  3.7596E+00  8.7159E-01
  5.5700E+02  8.3654E+00  2.9674E-01  2.9327E-01  8.7864E+00  7.0144E+00  1.7720E+00  2.8825E-01
  5.5800E+02  6.6377E+00 -2.1043E-01 -2.5623E-01  5.1249E+00  5.3664E+00 -2.4151E-01 -2.4549E-01
  5.5900E+02  5.2667E+00  7.5270E-02  1.7749E-01  5.3580E+00  4.1056E+00  1.2524E+00  1.7513E-01
  5.6000E+02  0.0000E+00  0.0000E+00  0.0000E+00  0.0000E+00  0.0000E+00  0.0000E+00  0.0000E+00
  5.6100E+02  0.0000E+00  8.3555E-03  1.1112E-01  4.5896E-01  0.0000E+00  4.5896E-01  1.1112E-01
  5.6200E+02  1.5121E+01 -1.9337E-01 -2.5873E-01  1.3233E+01  9.3194E+00  3.9136E+00  8.0426E-02
  5.6300E+02  2.2762E+01 -3.2304E-01 -5.5309E-01  2.0211E+01  1.4329E+01  5.8818E+00  1.1033E-01
  5.6400E+02  2.6251E+01  9.1537E-01  1.1305E+00  2.7355E+01  1.6926E+01  1.0429E+01  1.4298E+00
  5.6500E+02  2.7456E+01  7.9491E-01  8.0712E-01  2.7990E+01  1.8172E+01  9.8177E+00  1.1619E+00
  5.6600E+02  2.7420E+01  1.6781E+00  1.8945E+00  3.0221E+01  1.8667E+01  1.1554E+01  1.8585E+00
  5.6700E+02  2.6728E+01  1.0222E+00  1.1462E+00  2.8341E+01  1.8744E+01  9.5973E+00  1.2322E+00
  5.6800E+02  2.5705E+01  8.4162E-01  9.3272E-01  2.7167E+01  1.8591E+01  8.5759E+00  9.8147E-01
  5.6900E+02  2.4532E+01 -1.3408E+00 -2.0049E+00  1.9954E+01  1.8314E+01  1.6397E+00 -1.4447E+00
  5.7000E+02  2.3308E+01 -1.1423E+00 -1.4480E+00  1.9986E+01  1.7972E+01  2.0137E+00 -1.1420E+00
  5.7100E+02  2.2087E+01  3.6738E-01  3.2873E-01  2.2995E+01  1.7598E+01  5.3968E+00  2.5048E-01
  5.7200E+02  2.0898E+01 -5.4367E-01 -5.7059E-01  1.9826E+01  1.7210E+01  2.6157E+00 -6.0633E-01
  5.7300E+02  1.9755E+01  3.1425E-01  2.2366E-01  2.0826E+01  1.6819E+01  4.0070E+00  3.6550E-02
  5.7400E+02  1.5718E+01 -6.0276E-01 -6.1350E-01  1.5063E+01  1.5299E+01 -2.3619E-01 -9.2903E-01
  5.7500E+02  7.8780E+00 -7.9491E-01 -6.7947E-01  7.3069E+00  1.1477E+01 -4.1700E+00 -1.1433E+00
  5.7600E+02  3.9475E+00 -1.4252E-01 -9.5145E-02  5.1684E+00  8.6083E+00 -3.4399E+00 -3.9676E-01
  5.7700E+02  1.9781E+00 -7.9491E-01 -5.6243E-01  8.8218E-01  6.4567E+00 -5.5746E+00 -7.6627E-01
  5.7800E+02  9.9118E-01  2.0189E-01  2.9876E-01  2.9423E+00  4.8429E+00 -1.9006E+00  3.0090E-01
  5.7900E+02  4.9666E-01 -1.2445E+00 -9.1354E-01 -2.7838E+00  3.6325E+00 -6.4163E+00 -8.9977E-01
  5.8000E+02  0.0000E+00  0.0000E+00  0.0000E+00  0.0000E+00  0.0000E+00  0.0000E+00  0.0000E+00
  5.8100E+02  0.0000E+00 -2.0189E-01 -2.1860E-01 -9.0287E-01  0.0000E+00 -9.0287E-01 -2.1860E-01
  5.8200E+02  1.3218E+01  1.4051E+00  1.4500E+00  1.7451E+01  9.3416E+00  8.1094E+00  1.3386E+00
  5.8300E+02  2.0365E+01  1.5834E+00  1.7951E+00  2.4578E+01  1.4403E+01  1.0175E+01  1.5422E+00
  5.8400E+02  2.4110E+01 -1.6712E-02  1.6770E-01  2.4207E+01  1.7066E+01  7.1411E+00  2.0503E-01
  5.8500E+02  2.5951E+01 -1.3616E+00 -1.7172E+00  2.2163E+01  1.8386E+01  3.7770E+00 -1.2065E+00
  5.8600E+02  2.6729E+01 -6.1281E-01 -7.8054E-01  2.4877E+01  1.8956E+01  5.9212E+00 -4.8308E-01
  5.8700E+02  2.6916E+01  8.3555E-03 -6.4040E-04  2.6577E+01  1.9108E+01  7.4692E+00  1.0125E-01
  5.8800E+02  2.6776E+01  5.4367E-01  7.5934E-01  2.7905E+01  1.9029E+01  8.8764E+00  6.6954E-01
  5.8900E+02  2.6457E+01 -6.8502E-01 -1.0281E+00  2.4001E+01  1.8823E+01  5.1781E+00 -6.6434E-01
  5.9000E+02  2.6043E+01  5.2440E-01  5.3687E-01  2.6700E+01  1.8549E+01  8.1508E+00  5.1370E-01
  5.9100E+02  2.5581E+01  8.0642E-01  9.7903E-01  2.7140E+01  1.8241E+01  8.8995E+00  8.5639E-01
  5.9200E+02  2.5096E+01  2.7131E+00  2.2690E+00  2.9381E+01  1.7915E+01  1.1466E+01  1.8611E+00
  5.9300E+02  2.4603E+01  1.0364E+00  1.3131E+00  2.6894E+01  1.7583E+01  9.3106E+00  1.1322E+00
  5.9400E+02  2.2667E+01 -1.0508E+00 -1.4215E+00  1.8749E+01  1.6274E+01  2.4746E+00 -1.0468E+00
  5.9500E+02  1.7668E+01  8.0642E-01  6.0817E-01  1.8435E+01  1.2863E+01  5.5723E+00  6.2168E-01
  5.9600E+02  1.3770E+01  1.0222E+00  9.9208E-01  1.5779E+01  1.0165E+01  5.6141E+00  9.8259E-01
  5.9700E+02  1.0732E+01 -5.0154E-02 -2.6893E-01  8.8467E+00  8.0329E+00  8.1382E-01 -1.8230E-01
  5.9800E+02  8.3639E+00 -2.2754E-01 -2.1159E-01  6.6639E+00  6.3481E+00  3.1585E-01 -1.4020E-01
  5.9900E+02  6.5185E+00  7.4987E-01  9.0545E-01  8.8855E+00  5.0166E+00  3.8689E+00  9.3003E-01
  6.0000E+02  0.0000E+00  0.0000E+00  0.0000E+00  0.0000E+00  0.0000E+00  0.0000E+00  0.0000E+00
  6.0100E+02  0.0000E+00 -5.6315E-01 -4.3147E-01 -1.7821E+00  0.0000E+00 -1.7821E+00 -4.3147E-01
  6.0200E+02  2.1329E+01  4.7704E-01 -2.6090E-01  1.8485E+01  9.3423E+00  9.1427E+00  8.1509E-01
  6.0300E+02  3.1658E+01  2.3263E+00  2.3348E+00  3.3277E+01  1.4406E+01  1.8871E+01  3.0162E+00
  6.0400E+02  3.5938E+01  2.3263E+00  2.1577E+00  3.6978E+01  1.7071E+01  1.9907E+01  3.0096E+00
  6.0500E+02  3.6940E+01  1.9322E+00  1.1806E+00  3.7037E+01  1.8393E+01  1.8644E+01  2.4204E+00
  6.0600E+02  3.6211E+01  1.5548E+00  8.3472E-01  3.6272E+01  1.8966E+01  1.7306E+01  1.9393E+00
  6.0700E+02  3.4609E+01  1.3008E+00  7.0126E-01  3.4936E+01  1.9120E+01  1.5816E+01  1.4875E+00
  6.0800E+02  3.2610E+01 -3.5846E-01 -1.4457E+00  3.0204E+01  1.9043E+01  1.1161E+01 -1.0555E-01
  6.0900E+02  3.0472E+01  7.5270E-02 -4.9358E-01  2.9828E+01  1.8840E+01  1.0988E+01  2.5526E-02
  6.1000E+02  2.8335E+01 -4.3991E-01 -6.8118E-01  2.7691E+01  1.8569E+01  9.1222E+00 -4.6205E-01
  6.1100E+02  2.6270E+01 -8.6568E-01 -9.9318E-01  2.5313E+01  1.8262E+01  7.0506E+00 -1.0139E+00
  6.1200E+02  2.4312E+01 -1.1423E+00 -1.2669E+00  2.3014E+01  1.7939E+01  5.0748E+00 -1.5223E+00
  6.1300E+02  2.2476E+01 -1.4051E+00 -1.3122E+00  2.1266E+01  1.7610E+01  3.6564E+00 -1.8226E+00
  6.1400E+02  1.6347E+01 -3.3185E-01  3.7378E-01  2.0363E+01  1.6308E+01  4.0549E+00 -8.9332E-01
  6.1500E+02  6.2489E+00 -6.0276E-01  4.2709E-01  1.1131E+01  1.2912E+01 -1.7809E+00 -1.1875E+00
  6.1600E+02  2.3879E+00 -2.7064E-01  6.2311E-01  6.9905E+00  1.0222E+01 -3.2310E+00 -6.6165E-01
  6.1700E+02  9.1253E-01 -2.5335E-01  4.5671E-01  3.9159E+00  8.0918E+00 -4.1759E+00 -3.9756E-01
  6.1800E+02  3.4872E-01 -3.2304E-01  1.8322E-01  1.6638E+00  6.4058E+00 -4.7420E+00 -2.7571E-01
  6.1900E+02  1.3326E-01 -4.1789E-02  3.2868E-01  1.7494E+00  5.0711E+00 -3.3217E+00  2.2682E-01
  6.2000E+02  0.0000E+00  0.0000E+00  0.0000E+00  0.0000E+00  0.0000E+00  0.0000E+00  0.0000E+00
  6.2100E+02  0.0000E+00  8.3652E-02  2.4255E-01  1.0018E+00  0.0000E+00  1.0018E+00  2.4255E-01
  6.2200E+02  7.8424E+00 -5.8521E-02 -4.7935E-04  8.0357E+00  9.3199E+00 -1.2842E+00  7.4175E-03
  6.2300E+02  1.2077E+01  0.0000E+00  1.1397E-01  1.2708E+01  1.4331E+01 -1.6230E+00  1.3407E-01
  6.2400E+02  1.4291E+01 -1.5548E+00 -1.4321E+00  1.0325E+01  1.6929E+01 -6.6038E+00 -1.4983E+00
  6.2500E+02  1.5374E+01 -6.6404E-01 -5.6003E-01  1.4064E+01  1.8177E+01 -4.1133E+00 -5.7557E-01
  6.2600E+02  1.5826E+01 -6.4335E-01 -3.6224E-01  1.5101E+01  1.8673E+01 -3.5724E+00 -3.6564E-01
  6.2700E+02  1.5926E+01 -1.2265E+00 -1.0564E+00  1.3224E+01  1.8752E+01 -5.5281E+00 -1.1057E+00
  6.2800E+02  1.5833E+01  1.1585E+00  1.0456E+00  1.9117E+01  1.8601E+01  5.1581E-01  1.1317E+00
  6.2900E+02  1.5635E+01  1.8339E+00  1.4433E+00  2.0069E+01  1.8326E+01  1.7430E+00  1.5521E+00
  6.3000E+02  1.5380E+01  9.2039E-02 -3.4151E-02  1.5564E+01  1.7986E+01 -2.4216E+00 -2.0018E-02
  6.3100E+02  1.5096E+01  3.6738E-01  3.8094E-01  1.6481E+01  1.7613E+01 -1.1320E+00  4.1881E-01
  6.3200E+02  1.4800E+01 -1.6449E+00 -1.4518E+00  1.0801E+01  1.7227E+01 -6.4255E+00 -1.5223E+00
  6.3300E+02  1.4499E+01 -3.5846E-01 -3.0381E-01  1.3857E+01  1.6836E+01 -2.9795E+00 -3.0814E-01
  6.3400E+02  1.3321E+01  1.2265E+00  1.1276E+00  1.6993E+01  1.5321E+01  1.6716E+00  1.1909E+00
  6.3500E+02  1.0297E+01 -6.5366E-01 -5.8389E-01  8.5125E+00  1.1508E+01 -2.9951E+00 -5.9734E-01
  6.3600E+02  7.9586E+00 -4.2158E-01 -5.5119E-01  6.1176E+00  8.6419E+00 -2.5243E+00 -5.5789E-01
  6.3700E+02  6.1511E+00 -2.5335E-01 -3.6207E-01  4.8748E+00  6.4899E+00 -1.6151E+00 -3.6288E-01
  6.3800E+02  4.7541E+00 -9.2039E-02 -4.0480E-02  4.6135E+00  4.8737E+00 -2.6024E-01 -3.8382E-02
  6.3900E+02  3.6744E+00  5.0154E-02 -5.0934E-02  3.4718E+00  3.6601E+00 -1.8826E-01 -4.7901E-02
  6.4000E+02  0.0000E+00  0.0000E+00  0.0000E+00  0.0000E+00  0.0000E+00  0.0000E+00  0.0000E+00
  6.4100E+02  0.0000E+00 -2.9674E-01 -2.2725E-01 -9.3861E-01  0.0000E+00 -9.3861E-01 -2.2725E-01
  6.4200E+02  4.6743E+00 -1.0222E+00 -9.2376E-01  1.8521E+00  9.3225E+00 -7.4704E+00 -9.0645E-01
  6.4300E+02  7.2386E+00 -4.3073E-01 -5.2637E-01  6.3132E+00  1.4340E+01 -8.0264E+00 -4.0987E-01
  6.4400E+02  8.6194E+00 -5.9277E-01 -7.8107E-01  7.0153E+00  1.6945E+01 -9.9300E+00 -6.8720E-01
  6.4500E+02  9.3366E+00 -2.6198E-01 -4.9567E-01  8.8027E+00  1.8202E+01 -9.3996E+00 -3.2590E-01
  6.4600E+02  9.6822E+00 -5.4367E-01 -5.5979E-01  8.9689E+00  1.8707E+01 -9.7383E+00 -4.0876E-01
  6.4700E+02  9.8199E+00 -6.2293E-01 -6.7487E-01  8.7293E+00  1.8795E+01 -1.0065E+01 -5.6402E-01
  6.4800E+02  9.8416E+00  3.7634E-01  8.0609E-02  1.1263E+01  1.8652E+01 -7.3892E+00  3.6265E-01
  6.4900E+02  9.7990E+00 -9.8085E-01 -8.4034E-01  8.1273E+00  1.8385E+01 -1.0258E+01 -7.9974E-01
  6.5000E+02  9.7209E+00  3.1425E-01  1.6174E-01  1.1378E+01  1.8053E+01 -6.6746E+00  4.1960E-01
  6.5100E+02  9.6236E+00 -6.7449E-01 -6.9761E-01  8.3773E+00  1.7687E+01 -9.3101E+00 -6.5336E-01
  6.5200E+02  9.5162E+00 -5.5338E-01 -4.5958E-01  9.0420E+00  1.7308E+01 -8.2661E+00 -3.7824E-01
  6.5300E+02  9.4039E+00 -1.0655E+00 -9.4194E-01  7.2758E+00  1.6925E+01 -9.6490E+00 -9.7439E-01
  6.5400E+02  8.9456E+00 -6.3310E-01 -6.1354E-01  7.8119E+00  1.5433E+01 -7.6213E+00 -6.2099E-01
  6.5500E+02  7.6777E+00  3.5846E-01  3.6167E-01  9.6615E+00  1.1663E+01 -2.0016E+00  3.9989E-01
  6.5600E+02  6.5888E+00 -6.1281E-01 -5.1426E-01  5.2489E+00  8.8127E+00 -3.5638E+00 -5.5758E-01
  6.5700E+02  5.6543E+00 -6.4335E-01 -7.0129E-01  3.4234E+00  6.6589E+00 -3.2355E+00 -7.2245E-01
  6.5800E+02  4.8524E+00 -1.0884E-01 -2.2063E-01  4.2412E+00  5.0315E+00 -7.9032E-01 -2.0624E-01
  6.5900E+02  4.1642E+00 -1.5097E-01 -1.8451E-01  3.5735E+00  3.8019E+00 -2.2835E-01 -1.4536E-01
  6.6000E+02  0.0000E+00  0.0000E+00  0.0000E+00  0.0000E+00  0.0000E+00  0.0000E+00  0.0000E+00
  6.6100E+02  0.0000E+00 -3.3428E-02  2.9993E-02  1.2388E-01  0.0000E+00  1.2388E-01  2.9993E-02
  6.6200E+02  7.1496E+00  2.0189E-01  1.8252E-01  8.0261E+00  9.3390E+00 -1.3129E+00  2.0984E-01
  6.6300E+02  1.1048E+01 -3.4956E-01 -2.4072E-01  1.0579E+01  1.4394E+01 -3.8155E+00 -2.2586E-01
  6.6400E+02  1.3123E+01 -8.6568E-01 -8.2186E-01  1.0939E+01  1.7050E+01 -6.1105E+00 -8.5751E-01
  6.6500E+02  1.4177E+01  7.5270E-02  1.5932E-01  1.5004E+01  1.8361E+01 -3.3570E+00  2.2261E-01
  6.6600E+02  1.4660E+01 -6.6893E-02  6.1009E-02  1.5191E+01  1.8922E+01 -3.7309E+00  1.1477E-01
  6.6700E+02  1.4823E+01 -2.4473E-01 -7.1887E-02  1.4960E+01  1.9065E+01 -4.1050E+00 -3.3802E-02
  6.6800E+02  1.4810E+01  1.2566E-01  2.8103E-01  1.5977E+01  1.8977E+01 -3.0001E+00  3.5407E-01
  6.6900E+02  1.4698E+01 -6.2293E-01 -6.1989E-01  1.3207E+01  1.8763E+01 -5.5559E+00 -6.4362E-01
  6.7000E+02  1.4533E+01 -7.6098E-01 -6.7751E-01  1.2856E+01  1.8481E+01 -5.6251E+00 -7.0837E-01
  6.7100E+02  1.4340E+01 -1.0043E-01 -9.0140E-02  1.4392E+01  1.8165E+01 -3.7725E+00 -6.4631E-02
  6.7200E+02  1.4133E+01  6.7449E-01  5.8265E-01  1.6188E+01  1.7832E+01 -1.6436E+00  6.6903E-01
  6.7300E+02  1.3919E+01 -1.0508E+00 -9.8154E-01  1.1270E+01  1.7493E+01 -6.2226E+00 -1.0424E+00
  6.7400E+02  1.3063E+01 -3.8532E-01 -4.5351E-01  1.1940E+01  1.6158E+01 -4.2178E+00 -4.6980E-01
  6.7500E+02  1.0765E+01 -5.0154E-02 -1.4773E-01  1.0470E+01  1.2693E+01 -2.2231E+00 -1.4992E-01
  6.7600E+02  8.8702E+00  5.5338E-01  3.5791E-01  1.0209E+01  9.9701E+00  2.3891E-01  3.6862E-01
  6.7700E+02  7.3089E+00 -4.3991E-01 -3.3566E-01  6.1807E+00  7.8312E+00 -1.6505E+00 -3.3508E-01
  6.7800E+02  6.0224E+00 -5.5338E-01 -6.1153E-01  3.8115E+00  6.1512E+00 -2.3397E+00 -6.0433E-01
  6.7900E+02  4.9623E+00  4.1246E-01  3.6808E-01  6.3227E+00  4.8316E+00  1.4911E+00  3.7870E-01
  6.8000E+02  0.0000E+00  0.0000E+00  0.0000E+00  0.0000E+00  0.0000E+00  0.0000E+00  0.0000E+00
  6.8100E+02  0.0000E+00  1.2566E-01  1.9650E-01  8.1160E-01  0.0000E+00  8.1160E-01  1.9650E-01
  6.8200E+02  1.2982E+01  5.0154E-02 -2.1988E-02  1.2032E+01  9.3266E+00  2.7054E+00  1.8439E-01
  6.8300E+02  1.9634E+01  0.0000E+00 -7.6764E-02  1.8392E+01  1.4353E+01  4.0389E+00  2.9191E-01
  6.8400E+02  2.2766E+01  3.4956E-01  2.9988E-01  2.2469E+01  1.6971E+01  5.4982E+00  6.6426E-01
  6.8500E+02  2.3950E+01  1.9893E+00  2.0290E+00  2.7565E+01  1.8241E+01  9.3239E+00  2.0535E+00
  6.8600E+02  2.4069E+01  4.8642E-01  6.0597E-01  2.4711E+01  1.8760E+01  5.9513E+00  8.5317E-01
  6.8700E+02  2.3617E+01  1.6712E-02 -7.2177E-02  2.2949E+01  1.8861E+01  4.0884E+00  2.2648E-01
  6.8800E+02  2.2870E+01 -1.6712E-02 -6.2829E-02  2.2404E+01  1.8731E+01  3.6726E+00  1.5902E-01
  6.8900E+02  2.1982E+01  5.1484E-01  5.2875E-01  2.3093E+01  1.8477E+01  4.6159E+00  6.0575E-01
  6.9000E+02  2.1037E+01  6.7449E-01  6.1167E-01  2.2574E+01  1.8157E+01  4.4172E+00  6.2665E-01
  6.9100E+02  2.0082E+01 -1.5011E+00 -1.9833E+00  1.5325E+01  1.7803E+01 -2.4783E+00 -1.8019E+00
  6.9200E+02  1.9142E+01  1.6712E-02 -1.7215E-01  1.9093E+01  1.7435E+01  1.6579E+00 -1.9249E-01
  6.9300E+02  1.8230E+01 -1.2090E+00 -1.5910E+00  1.4554E+01  1.7062E+01 -2.5084E+00 -1.5941E+00
  6.9400E+02  1.4947E+01 -2.7064E-01 -4.4349E-01  1.4750E+01  1.5608E+01 -8.5792E-01 -6.4899E-01
  6.9500E+02  8.2008E+00 -1.9337E-01 -1.0612E-01  9.6497E+00  1.1908E+01 -2.2581E+00 -4.3170E-01
  6.9600E+02  4.4986E+00 -1.1108E+00 -9.6944E-01  2.5588E+00  9.0837E+00 -6.5249E+00 -1.3593E+00
  6.9700E+02  2.4677E+00 -3.4069E-01 -1.2738E-01  3.3053E+00  6.9293E+00 -3.6240E+00 -3.5408E-01
  6.9800E+02  1.3537E+00  2.5069E-02  2.0728E-01  3.1394E+00  5.2859E+00 -2.1465E+00  9.0549E-02
  6.9900E+02  7.4257E-01 -2.8802E-01 -7.5142E-02  1.0777E+00  4.0322E+00 -2.9545E+00 -1.4254E-01
  7.0000E+02  0.0000E+00  0.0000E+00  0.0000E+00  0.0000E+00  0.0000E+00  0.0000E+00  0.0000E+00
  7.0100E+02  0.0000E+00  1.5097E-01  6.7874E-02  2.8034E-01  0.0000E+00  2.8034E-01  6.7874E-02
  7.0200E+02  6.0916E+00 -5.2440E-01 -5.6722E-01  4.4857E+00  9.3339E+00 -4.8482E+00 -5.1235E-01
  7.0300E+02  9.4419E+00 -1.3830E+00 -1.2630E+00  5.8377E+00  1.4377E+01 -8.5398E+00 -1.2482E+00
  7.0400E+02  1.1255E+01 -1.0655E+00 -1.0827E+00  8.4950E+00  1.7017E+01 -8.5222E+00 -1.0382E+00
  7.0500E+02  1.2205E+01  1.8487E-01 -3.9218E-02  1.2838E+01  1.8312E+01 -5.4737E+00  1.6860E-01
  7.0600E+02  1.2672E+01 -1.3830E+00 -1.2285E+00  9.6088E+00  1.8855E+01 -9.2463E+00 -1.2257E+00
  7.0700E+02  1.2869E+01  5.5338E-01  3.8435E-01  1.4801E+01  1.8981E+01 -4.1798E+00  6.3501E-01
  7.0800E+02  1.2915E+01  1.4514E+00  9.3040E-01  1.6512E+01  1.8876E+01 -2.3638E+00  1.2446E+00
  7.0900E+02  1.2876E+01  8.4162E-01  6.2281E-01  1.5501E+01  1.8645E+01 -3.1441E+00  8.6041E-01
  7.1000E+02  1.2791E+01 -7.2791E-01 -5.8775E-01  1.1642E+01  1.8347E+01 -6.7053E+00 -5.5816E-01
  7.1100E+02  1.2681E+01 -8.3652E-02 -1.3242E-01  1.2915E+01  1.8015E+01 -5.1003E+00 -5.7274E-02
  7.1200E+02  1.2558E+01 -1.4279E+00 -1.3766E+00  8.8827E+00  1.7668E+01 -8.7851E+00 -1.4916E+00
  7.1300E+02  1.2427E+01 -4.4914E-01 -2.8558E-01  1.2124E+01  1.7315E+01 -5.1907E+00 -2.7080E-01
  7.1400E+02  1.1889E+01 -1.0083E+00 -7.5900E-01  9.9651E+00  1.5930E+01 -5.9647E+00 -8.5438E-01
  7.1500E+02  1.0382E+01  3.0548E-01  4.9030E-01  1.2196E+01  1.2365E+01 -1.6873E-01  3.9706E-01
  7.1600E+02  9.0642E+00  4.3073E-01  5.5678E-01  1.0926E+01  9.5963E+00  1.3297E+00  4.2866E-01
  7.1700E+02  7.9139E+00 -8.3555E-03  1.2049E-01  8.1208E+00  7.4476E+00  6.7317E-01  2.3676E-03
  7.1800E+02  6.9096E+00  4.6770E-01  3.7941E-01  7.9105E+00  5.7801E+00  2.1304E+00  2.8301E-01
  7.1900E+02  6.0327E+00  3.8532E-01  4.2320E-01  7.1146E+00  4.4859E+00  2.6287E+00  3.5459E-01
  7.2000E+02  0.0000E+00  0.0000E+00  0.0000E+00  0.0000E+00  0.0000E+00  0.0000E+00  0.0000E+00
  7.2100E+02  0.0000E+00  9.2039E-02  1.3118E-01  5.4183E-01  0.0000E+00  5.4183E-01  1.3118E-01
  7.2200E+02  7.8195E+00  1.0043E-01  1.0173E-01  8.4127E+00  9.3379E+00 -9.2520E-01  1.4270E-01
  7.2300E+02  1.2107E+01  4.4914E-01  4.2894E-01  1.3780E+01  1.4391E+01 -6.1081E-01  5.1502E-01
  7.2400E+02  1.4415E+01  2.2754E-01  1.6182E-01  1.5235E+01  1.7043E+01 -1.8075E+00  2.4867E-01
  7.2500E+02  1.5611E+01 -5.4367E-01 -6.4468E-01  1.4094E+01  1.8350E+01 -4.2563E+00 -6.0424E-01
  7.2600E+02  1.6186E+01  6.3310E-01  5.2859E-01  1.7997E+01  1.8907E+01 -9.1046E-01  6.3580E-01
  7.2700E+02  1.6413E+01  3.3185E-01  4.1820E-01  1.7881E+01  1.9047E+01 -1.1658E+00  5.1018E-01
  7.2800E+02  1.6445E+01 -1.3205E+00 -1.4970E+00  1.2514E+01  1.8955E+01 -6.4412E+00 -1.5218E+00
  7.2900E+02  1.6371E+01 -1.3616E+00 -1.2738E+00  1.3030E+01  1.8737E+01 -5.7074E+00 -1.2918E+00
  7.3000E+02  1.6237E+01  6.5366E-01  5.2767E-01  1.7938E+01  1.8452E+01 -5.1413E-01  5.9267E-01
  7.3100E+02  1.6070E+01  4.5840E-01  3.7473E-01  1.7317E+01  1.8132E+01 -8.1523E-01  4.2192E-01
  7.3200E+02  1.5888E+01 -3.4956E-01 -2.9519E-01  1.5202E+01  1.7796E+01 -2.5941E+00 -2.8571E-01
  7.3300E+02  1.5696E+01 -8.9025E-01 -9.4020E-01  1.3130E+01  1.7454E+01 -4.3241E+00 -9.6208E-01
  7.3400E+02  1.4918E+01 -6.6893E-02 -6.1465E-02  1.4758E+01  1.6108E+01 -1.3503E+00 -7.3966E-02
  7.3500E+02  1.2768E+01  1.0655E+00  1.0847E+00  1.5875E+01  1.2622E+01  3.2534E+00  1.0333E+00
  7.3600E+02  1.0927E+01  4.2158E-01  3.6991E-01  1.1659E+01  9.8883E+00  1.7707E+00  3.1596E-01
  7.3700E+02  9.3516E+00  2.8802E-01  1.9978E-01  9.4002E+00  7.7469E+00  1.6533E+00  1.5965E-01
  7.3800E+02  8.0032E+00  2.1043E-01  1.7905E-01  7.8941E+00  6.0692E+00  1.8249E+00  1.5305E-01
  7.3900E+02  6.8492E+00  1.0222E+00  1.0010E+00  9.6308E+00  4.7549E+00  4.8759E+00  9.5001E-01
  7.4000E+02  0.0000E+00  0.0000E+00  0.0000E+00  0.0000E+00  0.0000E+00  0.0000E+00  0.0000E+00
  7.4100E+02  0.0000E+00  8.3555E-03 -9.6903E-02 -4.0024E-01  0.0000E+00 -4.0024E-01 -9.6903E-02
  7.4200E+02  5.8236E+00 -1.6712E-02  1.2595E-01  6.7693E+00  9.3291E+00 -2.5598E+00  1.7683E-01
  7.4300E+02  9.0057E+00  4.6770E-01  2.9410E-01  1.0703E+01  1.4361E+01 -3.6583E+00  4.1007E-01
  7.4400E+02  1.0707E+01 -8.9025E-01 -8.1531E-01  8.8319E+00  1.6986E+01 -8.1546E+00 -8.4860E-01
  7.4500E+02  1.1577E+01 -1.4051E+00 -1.2861E+00  8.2934E+00  1.8265E+01 -9.9716E+00 -1.4046E+00
  7.4600E+02  1.1983E+01  8.0642E-01  6.2259E-01  1.4794E+01  1.8792E+01 -3.9980E+00  8.5117E-01
  7.4700E+02  1.2130E+01  7.1707E-01  6.0547E-01  1.4877E+01  1.8901E+01 -4.0243E+00  8.2948E-01
  7.4800E+02  1.2132E+01  2.7064E-01  2.0067E-01  1.3593E+01  1.8780E+01 -5.1872E+00  3.4560E-01
  7.4900E+02  1.2054E+01 -1.0083E+00 -1.0315E+00  9.6101E+00  1.8534E+01 -8.9238E+00 -1.1100E+00
  7.5000E+02  1.1933E+01  5.8521E-02  3.0215E-02  1.2827E+01  1.8221E+01 -5.3941E+00  1.3327E-01
  7.5100E+02  1.1788E+01  9.2039E-02  7.0642E-02  1.2794E+01  1.7875E+01 -5.0809E+00  1.7458E-01
  7.5200E+02  1.1631E+01 -1.7132E+00 -1.7028E+00  6.9577E+00  1.7514E+01 -1.0556E+01 -1.8859E+00
  7.5300E+02  1.1469E+01 -8.9025E-01 -7.9846E-01  9.6546E+00  1.7148E+01 -7.4929E+00 -8.3838E-01
  7.5400E+02  1.0814E+01 -4.4914E-01 -4.5602E-01  1.0004E+01  1.5716E+01 -5.7123E+00 -4.4997E-01
  7.5500E+02  9.0395E+00 -8.9025E-01 -1.0019E+00  6.1189E+00  1.2061E+01 -5.9419E+00 -1.0354E+00
  7.5600E+02  7.5551E+00  3.1425E-01  1.7277E-01  8.4987E+00  9.2543E+00 -7.5558E-01  2.1813E-01
  7.5700E+02  6.3145E+00 -4.1246E-01 -4.5248E-01  4.8899E+00  7.1008E+00 -2.2109E+00 -4.1489E-01
  7.5800E+02  5.2776E+00  3.1425E-01  2.9467E-01  6.4896E+00  5.4485E+00  1.0411E+00  3.4843E-01
  7.5900E+02  4.4109E+00  2.1898E-01  5.2558E-02  4.6586E+00  4.1806E+00  4.7797E-01  1.1255E-01
  7.6000E+02  0.0000E+00  0.0000E+00  0.0000E+00  0.0000E+00  0.0000E+00  0.0000E+00  0.0000E+00
  7.6100E+02  0.0000E+00  2.7064E-01  3.4702E-01  1.4333E+00  0.0000E+00  1.4333E+00  3.4702E-01
  7.6200E+02  1.2987E+01 -7.1707E-01 -8.1489E-01  1.0420E+01  9.2963E+00  1.1237E+00 -7.0594E-01
  7.6300E+02  1.9939E+01 -4.6770E-01 -3.1553E-01  1.9124E+01  1.4252E+01  4.8715E+00 -1.9312E-01
  7.6400E+02  2.3511E+01 -6.8502E-01 -8.7326E-01  2.1561E+01  1.6780E+01  4.7809E+00 -5.8907E-01
  7.6500E+02  2.5195E+01 -1.5097E-01 -2.3603E-01  2.4694E+01  1.7952E+01  6.7421E+00 -5.4513E-02
  7.6600E+02  2.5829E+01 -1.5097E-01 -2.8498E-01  2.5208E+01  1.8370E+01  6.8384E+00 -7.1636E-02
  7.6700E+02  2.5880E+01  2.9352E+00  3.7391E+00  3.3445E+01  1.8371E+01  1.5074E+01  2.9908E+00
  7.6800E+02  2.5613E+01 -1.3008E+00 -1.7433E+00  2.1875E+01  1.8145E+01  3.7300E+00 -1.1612E+00
  7.6900E+02  2.5174E+01 -8.3652E-02 -1.0255E-01  2.4767E+01  1.7798E+01  6.9691E+00  9.4738E-02
  7.7000E+02  2.4647E+01  1.7507E+00  1.9909E+00  2.8667E+01  1.7389E+01  1.1278E+01  1.7225E+00
  7.7100E+02  2.4078E+01  2.9352E+00  4.1133E+00  3.2780E+01  1.6952E+01  1.5828E+01  3.4039E+00
  7.7200E+02  2.3492E+01 -6.5366E-01 -9.1809E-01  2.1074E+01  1.6504E+01  4.5702E+00 -5.4130E-01
  7.7300E+02  2.2903E+01 -1.6781E+00 -2.6535E+00  1.6422E+01  1.6056E+01  3.6607E-01 -1.9320E+00
  7.7400E+02  2.0636E+01  1.4051E+00  1.5893E+00  2.3942E+01  1.4343E+01  9.5995E+00  1.4997E+00
  7.7500E+02  1.5043E+01  6.2293E-01  5.6932E-01  1.5698E+01  1.0188E+01  5.5105E+00  6.6664E-01
  7.7600E+02  1.0964E+01  7.4987E-01  7.6940E-01  1.2305E+01  7.2351E+00  5.0699E+00  8.3469E-01
  7.7700E+02  7.9911E+00 -6.6893E-02 -5.5628E-02  6.6410E+00  5.1384E+00  1.5026E+00  4.7505E-02
  7.7800E+02  5.8243E+00  3.5846E-01  4.3695E-01  6.3535E+00  3.6492E+00  2.7043E+00  4.8970E-01
  7.7900E+02  4.2450E+00  1.5943E-01  3.3055E-01  4.5520E+00  2.5917E+00  1.9603E+00  3.7153E-01
  7.8000E+02  0.0000E+00  0.0000E+00  0.0000E+00  0.0000E+00  0.0000E+00  0.0000E+00  0.0000E+00
  7.8100E+02  0.0000E+00 -2.7932E-01 -2.2198E-01 -9.1684E-01  0.0000E+00 -9.1684E-01 -2.2198E-01
  7.8200E+02  1.3922E+01 -3.8532E-01 -3.1919E-01  1.2425E+01  9.3399E+00  3.0851E+00 -2.0313E-01
  7.8300E+02  2.1350E+01 -2.5069E-02  1.6357E-01  2.1081E+01  1.4398E+01  6.6835E+00  2.8134E-01
  7.8400E+02  2.5143E+01 -5.8284E-01 -6.3504E-01  2.3132E+01  1.7055E+01  6.0766E+00 -2.8571E-01
  7.8500E+02  2.6907E+01  9.0273E-01  1.0200E+00  2.8249E+01  1.8370E+01  9.8791E+00  9.4364E-01
  7.8600E+02  2.7542E+01  1.7132E+00  2.2865E+00  3.1272E+01  1.8934E+01  1.2338E+01  1.8395E+00
  7.8700E+02  2.7554E+01 -8.7790E-01 -1.2873E+00  2.4474E+01  1.9080E+01  5.3937E+00 -7.4448E-01
  7.8800E+02  2.7225E+01  8.5359E-01  8.8156E-01  2.8331E+01  1.8995E+01  9.3355E+00  8.0580E-01
  7.8900E+02  2.6714E+01  5.4367E-01  5.0971E-01  2.7141E+01  1.8784E+01  8.3568E+00  5.1848E-01
  7.9000E+02  2.6110E+01  7.3885E-01  8.2123E-01  2.7214E+01  1.8505E+01  8.7087E+00  7.3818E-01
  7.9100E+02  2.5463E+01  6.6893E-02 -6.6370E-02  2.4786E+01  1.8192E+01  6.5945E+00  4.7082E-02
  7.9200E+02  2.4800E+01  1.2265E+00  1.3803E+00  2.7226E+01  1.7861E+01  9.3647E+00  1.1561E+00
  7.9300E+02  2.4137E+01 -9.2814E-01 -1.4376E+00  2.0500E+01  1.7525E+01  2.9751E+00 -1.0794E+00
  7.9400E+02  2.1595E+01 -4.7704E-01 -8.2842E-01  1.9212E+01  1.6199E+01  3.0128E+00 -6.8944E-01
  7.9500E+02  1.5411E+01  1.8339E+00  1.8523E+00  2.0613E+01  1.2753E+01  7.8597E+00  1.6544E+00
  7.9600E+02  1.0997E+01 -1.1108E+00 -1.1733E+00  7.2206E+00  1.0039E+01 -2.8184E+00 -1.2084E+00
  7.9700E+02  7.8469E+00 -1.9337E-01 -1.2622E-01  7.5401E+00  7.9025E+00 -3.6235E-01 -1.6885E-01
  7.9800E+02  5.5992E+00  2.1043E-01  3.6002E-01  7.1073E+00  6.2206E+00  8.8670E-01  3.4809E-01
  7.9900E+02  3.9954E+00  2.7932E-01  3.2558E-01  5.4313E+00  4.8967E+00  5.3462E-01  3.3897E-01
