TABLE NO.  5
 ID          KA
  1.0000E+00  2.3172E+00
  3.0000E+00  2.3172E+00
  4.0000E+00  2.3172E+00
  5.0000E+00  2.3172E+00
  6.0000E+00  2.3172E+00
  7.0000E+00  2.3172E+00
  8.0000E+00  2.3172E+00
  9.0000E+00  2.3172E+00
  1.0000E+01  2.3172E+00
  1.1000E+01  2.3172E+00
  1.2000E+01  2.3172E+00
  1.3000E+01  2.3172E+00
  1.4000E+01  2.3172E+00
  1.5000E+01  2.3172E+00
  1.6000E+01  2.3172E+00
  1.7000E+01  2.3172E+00
  1.8000E+01  2.3172E+00
  1.9000E+01  2.3172E+00
  2.0000E+01  2.3172E+00
  2.1000E+01  2.3172E+00
  2.2000E+01  2.3172E+00
  2.3000E+01  2.3172E+00
  2.4000E+01  2.3172E+00
  2.5000E+01  2.3172E+00
  2.6000E+01  2.3172E+00
  2.7000E+01  2.3172E+00
  2.8000E+01  2.3172E+00
  2.9000E+01  2.3172E+00
  3.0000E+01  2.3172E+00
  3.1000E+01  2.3172E+00
  3.2000E+01  2.3172E+00
  3.3000E+01  2.3172E+00
  3.4000E+01  2.3172E+00
  3.5000E+01  2.3172E+00
  3.6000E+01  2.3172E+00
  3.7000E+01  2.3172E+00
  3.8000E+01  2.3172E+00
  3.9000E+01  2.3172E+00
  4.0000E+01  2.3172E+00
TABLE NO.  6
 NUM         ID          KA
  1.0000E+00  1.0000E+00  2.3172E+00
  4.0000E+01  3.0000E+00  2.3172E+00
  6.0000E+01  4.0000E+00  2.3172E+00
  8.0000E+01  5.0000E+00  2.3172E+00
  1.0000E+02  6.0000E+00  2.3172E+00
  1.2000E+02  7.0000E+00  2.3172E+00
  1.4000E+02  8.0000E+00  2.3172E+00
  1.6000E+02  9.0000E+00  2.3172E+00
  1.8000E+02  1.0000E+01  2.3172E+00
  2.0000E+02  1.1000E+01  2.3172E+00
  2.2000E+02  1.2000E+01  2.3172E+00
  2.4000E+02  1.3000E+01  2.3172E+00
  2.6000E+02  1.4000E+01  2.3172E+00
  2.8000E+02  1.5000E+01  2.3172E+00
  3.0000E+02  1.6000E+01  2.3172E+00
  3.2000E+02  1.7000E+01  2.3172E+00
  3.4000E+02  1.8000E+01  2.3172E+00
  3.6000E+02  1.9000E+01  2.3172E+00
  3.8000E+02  2.0000E+01  2.3172E+00
  4.0000E+02  2.1000E+01  2.3172E+00
  4.2000E+02  2.2000E+01  2.3172E+00
  4.4000E+02  2.3000E+01  2.3172E+00
  4.6000E+02  2.4000E+01  2.3172E+00
  4.8000E+02  2.5000E+01  2.3172E+00
  5.0000E+02  2.6000E+01  2.3172E+00
  5.2000E+02  2.7000E+01  2.3172E+00
  5.4000E+02  2.8000E+01  2.3172E+00
  5.6000E+02  2.9000E+01  2.3172E+00
  5.8000E+02  3.0000E+01  2.3172E+00
  6.0000E+02  3.1000E+01  2.3172E+00
  6.2000E+02  3.2000E+01  2.3172E+00
  6.4000E+02  3.3000E+01  2.3172E+00
  6.6000E+02  3.4000E+01  2.3172E+00
  6.8000E+02  3.5000E+01  2.3172E+00
  7.0000E+02  3.6000E+01  2.3172E+00
  7.2000E+02  3.7000E+01  2.3172E+00
  7.4000E+02  3.8000E+01  2.3172E+00
  7.6000E+02  3.9000E+01  2.3172E+00
  7.8000E+02  4.0000E+01  2.3172E+00
