TABLE NO.  1
 NUM         IPRED       NPDE        CWRES       DV          PRED        RES         WRES
  1.0000E+00  0.0000E+00  1.8487E-01  2.9096E-01  1.2161E+00  0.0000E+00  1.2161E+00  2.9096E-01
  2.0000E+00  0.0000E+00  2.4747E+00  3.0063E+00  1.2565E+01  0.0000E+00  1.2565E+01  3.0063E+00
  3.0000E+00  0.0000E+00  2.7131E+00  2.6840E+00  1.1218E+01  0.0000E+00  1.1218E+01  2.6840E+00
  4.0000E+00  0.0000E+00  2.9352E+00  4.2370E+00  1.7709E+01  0.0000E+00  1.7709E+01  4.2370E+00
  5.0000E+00  0.0000E+00  2.9352E+00  5.2457E+00  2.1925E+01  0.0000E+00  2.1925E+01  5.2457E+00
  6.0000E+00  0.0000E+00  2.9352E+00  3.8772E+00  1.6205E+01  0.0000E+00  1.6205E+01  3.8772E+00
  7.0000E+00  0.0000E+00  2.9352E+00  4.4722E+00  1.8692E+01  0.0000E+00  1.8692E+01  4.4722E+00
  8.0000E+00  0.0000E+00  2.9352E+00  5.6915E+00  2.3788E+01  0.0000E+00  2.3788E+01  5.6915E+00
  9.0000E+00  0.0000E+00  2.9352E+00  3.9418E+00  1.6475E+01  0.0000E+00  1.6475E+01  3.9418E+00
  1.0000E+01  0.0000E+00  2.9352E+00  4.1502E+00  1.7346E+01  0.0000E+00  1.7346E+01  4.1502E+00
  1.1000E+01  0.0000E+00  2.9352E+00  4.3959E+00  1.8373E+01  0.0000E+00  1.8373E+01  4.3959E+00
  1.2000E+01  0.0000E+00  2.9352E+00  4.3669E+00  1.8252E+01  0.0000E+00  1.8252E+01  4.3669E+00
  1.3000E+01  0.0000E+00  2.9352E+00  4.3925E+00  1.8359E+01  0.0000E+00  1.8359E+01  4.3925E+00
  1.4000E+01  0.0000E+00  2.7131E+00  3.1240E+00  1.3057E+01  0.0000E+00  1.3057E+01  3.1240E+00
  1.5000E+01  0.0000E+00  2.9352E+00  3.6209E+00  1.5134E+01  0.0000E+00  1.5134E+01  3.6209E+00
  1.6000E+01  0.0000E+00  1.8808E+00  2.0214E+00  8.4486E+00  0.0000E+00  8.4486E+00  2.0214E+00
  1.7000E+01  0.0000E+00  2.3263E+00  2.6282E+00  1.0985E+01  0.0000E+00  1.0985E+01  2.6282E+00
  1.8000E+01  0.0000E+00  1.2090E+00  1.3724E+00  5.7362E+00  0.0000E+00  5.7362E+00  1.3724E+00
  1.9000E+01  0.0000E+00  2.0537E+00  2.0147E+00  8.4208E+00  0.0000E+00  8.4208E+00  2.0147E+00
  4.0000E+01  0.0000E+00  0.0000E+00  0.0000E+00  0.0000E+00  0.0000E+00  0.0000E+00  0.0000E+00
  4.1000E+01  0.0000E+00 -2.5069E-02 -1.7647E-02 -7.3757E-02  0.0000E+00 -7.3757E-02 -1.7647E-02
  4.2000E+01  1.1907E+01 -7.6098E-01 -7.4077E-01  9.3116E+00  9.4159E+00 -1.0434E-01 -6.8055E-01
  4.3000E+01  1.8374E+01  5.8284E-01  7.8340E-01  2.0167E+01  1.4528E+01  5.6392E+00  7.1934E-01
  4.4000E+01  2.1797E+01  8.3555E-03  9.1239E-02  2.1678E+01  1.7231E+01  4.4470E+00  1.1566E-01
  4.5000E+01  2.3517E+01  5.9277E-01  7.4878E-01  2.4841E+01  1.8587E+01  6.2536E+00  6.6682E-01
  4.6000E+01  2.4287E+01 -1.2265E+00 -1.2398E+00  2.1191E+01  1.9192E+01  1.9991E+00 -9.6370E-01
  4.7000E+01  2.4527E+01 -6.8502E-01 -8.7171E-01  2.2233E+01  1.9378E+01  2.8551E+00 -6.5621E-01
  4.8000E+01  2.4475E+01  5.2440E-01  7.8926E-01  2.5764E+01  1.9332E+01  6.4319E+00  7.0362E-01
  4.9000E+01  2.4261E+01  1.0083E+00  1.0759E+00  2.6171E+01  1.9159E+01  7.0121E+00  9.4318E-01
  5.0000E+01  2.3960E+01  1.4279E+00  1.5177E+00  2.6855E+01  1.8917E+01  7.9380E+00  1.3137E+00
  5.1000E+01  2.3614E+01  5.9277E-01  5.8521E-01  2.4440E+01  1.8639E+01  5.8009E+00  5.4754E-01
  5.2000E+01  2.3245E+01 -1.2566E-01 -1.5834E-01  2.2379E+01  1.8343E+01  4.0355E+00 -6.9886E-02
  5.3000E+01  2.2866E+01 -9.5417E-01 -1.0456E+00  1.9932E+01  1.8040E+01  1.8916E+00 -8.1539E-01
  5.4000E+01  2.1359E+01  6.7449E-01  4.1566E-01  2.1774E+01  1.6835E+01  4.9390E+00  4.1995E-01
  5.5000E+01  1.7354E+01  6.2293E-01  4.8807E-01  1.7953E+01  1.3639E+01  4.3139E+00  4.9792E-01
  5.6000E+01  1.4098E+01 -1.0043E-01 -1.5505E-01  1.2802E+01  1.1049E+01  1.7534E+00 -8.8847E-02
  5.7000E+01  1.1453E+01  4.3073E-01  2.3745E-01  1.1368E+01  8.9501E+00  2.4179E+00  2.6985E-01
  5.8000E+01  9.3047E+00  9.5417E-01  9.3981E-01  1.1672E+01  7.2502E+00  4.4218E+00  9.3435E-01
  5.9000E+01  7.5591E+00  1.6789E-01  2.1392E-01  7.5140E+00  5.8732E+00  1.6408E+00  2.3964E-01
  6.0000E+01  0.0000E+00  0.0000E+00  0.0000E+00  0.0000E+00  0.0000E+00  0.0000E+00  0.0000E+00
  6.1000E+01  0.0000E+00 -1.3409E-01 -5.7463E-02 -2.4017E-01  0.0000E+00 -2.4017E-01 -5.7463E-02
  6.2000E+01  6.8738E+00  2.6198E-01  3.1692E-01  8.3117E+00  9.3911E+00 -1.0794E+00  3.5561E-01
  6.3000E+01  1.0596E+01  4.2158E-01  4.0120E-01  1.2332E+01  1.4445E+01 -2.1130E+00  4.7794E-01
  6.4000E+01  1.2554E+01 -1.2445E+00 -1.1108E+00  9.5114E+00  1.7073E+01 -7.5621E+00 -1.1846E+00
  6.5000E+01  1.3526E+01  6.5366E-01  4.4954E-01  1.5384E+01  1.8347E+01 -2.9634E+00  5.6385E-01
  6.6000E+01  1.3949E+01  1.2566E-01  2.2850E-01  1.5128E+01  1.8867E+01 -3.7388E+00  3.1951E-01
  6.7000E+01  1.4066E+01 -6.1281E-01 -5.8222E-01  1.2791E+01  1.8968E+01 -6.1767E+00 -5.9418E-01
  6.8000E+01  1.4013E+01 -9.4107E-01 -8.3388E-01  1.1972E+01  1.8838E+01 -6.8664E+00 -8.7746E-01
  6.9000E+01  1.3868E+01 -4.3991E-01 -3.3453E-01  1.3333E+01  1.8584E+01 -5.2512E+00 -3.1533E-01
  7.0000E+01  1.3674E+01 -3.2304E-01 -3.5307E-01  1.3072E+01  1.8264E+01 -5.1921E+00 -3.3669E-01
  7.1000E+01  1.3453E+01 -9.0273E-01 -7.9885E-01  1.1469E+01  1.7911E+01 -6.4419E+00 -8.3533E-01
  7.2000E+01  1.3221E+01 -7.4987E-01 -8.3950E-01  1.1090E+01  1.7543E+01 -6.4531E+00 -8.7949E-01
  7.3000E+01  1.2983E+01  4.9585E-01  3.7094E-01  1.4601E+01  1.7171E+01 -2.5698E+00  4.6531E-01
  7.4000E+01  1.2045E+01  4.6770E-01  3.8573E-01  1.3715E+01  1.5718E+01 -2.0027E+00  4.6955E-01
  7.5000E+01  9.5876E+00  2.0189E-01  2.3263E-02  1.0035E+01  1.2017E+01 -1.9819E+00  5.9543E-02
  7.6000E+01  7.6306E+00 -2.7064E-01 -3.1951E-01  6.7983E+00  9.1863E+00 -2.3880E+00 -3.0102E-01
  7.7000E+01  6.0731E+00 -7.8350E-01 -8.9272E-01  3.0324E+00  7.0224E+00 -3.9900E+00 -8.8257E-01
  7.8000E+01  4.8335E+00 -1.6789E-01 -3.0085E-01  3.8927E+00  5.3682E+00 -1.4755E+00 -2.7655E-01
  7.9000E+01  3.8469E+00  8.3652E-02 -3.8976E-02  3.8535E+00  4.1037E+00 -2.5018E-01 -1.2096E-02
  8.0000E+01  0.0000E+00  0.0000E+00  0.0000E+00  0.0000E+00  0.0000E+00  0.0000E+00  0.0000E+00
  8.1000E+01  0.0000E+00  2.7932E-01  1.2784E-01  5.3430E-01  0.0000E+00  5.3430E-01  1.2784E-01
  8.2000E+01  1.0044E+01 -3.6738E-01 -3.9007E-01  8.8596E+00  9.3832E+00 -5.2360E-01 -3.4166E-01
  8.3000E+01  1.5525E+01 -3.9434E-01 -4.3353E-01  1.4427E+01  1.4419E+01  8.2784E-03 -3.4591E-01
  8.4000E+01  1.8451E+01 -9.0273E-01 -9.2865E-01  1.6130E+01  1.7023E+01 -8.9350E-01 -7.8748E-01
  8.5000E+01  1.9948E+01  1.6781E+00  1.6374E+00  2.4238E+01  1.8271E+01  5.9665E+00  1.6154E+00
  8.6000E+01  2.0647E+01 -1.7908E+00 -2.2325E+00  1.5178E+01  1.8764E+01 -3.5862E+00 -1.9596E+00
  8.7000E+01  2.0900E+01  5.7297E-01  6.3128E-01  2.2489E+01  1.8839E+01  3.6503E+00  6.7452E-01
  8.8000E+01  2.0906E+01  1.5274E+00  1.4720E+00  2.4514E+01  1.8684E+01  5.8304E+00  1.4380E+00
  8.9000E+01  2.0774E+01  5.6315E-01  5.6038E-01  2.2087E+01  1.8404E+01  3.6825E+00  6.0199E-01
  9.0000E+01  2.0569E+01 -8.0642E-01 -6.8186E-01  1.8739E+01  1.8060E+01  6.7853E-01 -5.3055E-01
  9.1000E+01  2.0323E+01 -1.6449E+00 -1.7848E+00  1.5653E+01  1.7685E+01 -2.0315E+00 -1.5328E+00
  9.2000E+01  2.0057E+01  5.1484E-01  6.1677E-01  2.1381E+01  1.7295E+01  4.0860E+00  6.4345E-01
  9.3000E+01  1.9781E+01  1.0364E+00  9.9386E-01  2.2030E+01  1.6902E+01  5.1279E+00  9.8214E-01
  9.4000E+01  1.8670E+01  8.9025E-01  1.0001E+00  2.0821E+01  1.5377E+01  5.4441E+00  9.7925E-01
  9.5000E+01  1.5650E+01  5.5338E-01  5.6094E-01  1.6266E+01  1.1541E+01  4.7253E+00  5.8157E-01
  9.6000E+01  1.3118E+01  3.8532E-01  2.1789E-01  1.2420E+01  8.6603E+00  3.7597E+00  2.8037E-01
  9.7000E+01  1.0995E+01  1.1264E+00  1.1950E+00  1.3299E+01  6.4988E+00  6.8002E+00  1.1589E+00
  9.8000E+01  9.2157E+00  8.6568E-01  8.3795E-01  1.0335E+01  4.8768E+00  5.4582E+00  8.3964E-01
  9.9000E+01  7.7243E+00  9.6742E-01  9.7816E-01  9.3872E+00  3.6596E+00  5.7276E+00  9.6622E-01
  1.0000E+02  0.0000E+00  0.0000E+00  0.0000E+00  0.0000E+00  0.0000E+00  0.0000E+00  0.0000E+00
  1.0100E+02  0.0000E+00  5.8521E-02  7.0883E-02  2.9626E-01  0.0000E+00  2.9626E-01  7.0883E-02
  1.0200E+02  1.6715E+01 -4.1789E-02 -4.3362E-01  1.4315E+01  9.3613E+00  4.9537E+00  1.0533E-01
  1.0300E+02  2.4938E+01  1.9893E+00  1.8765E+00  2.7738E+01  1.4346E+01  1.3392E+01  2.1119E+00
  1.0400E+02  2.8481E+01  1.6134E+00  1.7350E+00  3.0663E+01  1.6886E+01  1.3777E+01  2.0217E+00
  1.0500E+02  2.9475E+01  5.5338E-01  1.8123E-02  2.8684E+01  1.8062E+01  1.0622E+01  8.3744E-01
  1.0600E+02  2.9108E+01 -6.9562E-01 -2.0012E+00  2.4885E+01  1.8483E+01  6.4025E+00 -6.5409E-01
  1.0700E+02  2.8041E+01  2.7131E+00  2.3928E+00  3.2096E+01  1.8485E+01  1.3611E+01  2.1319E+00
  1.0800E+02  2.6642E+01  4.9585E-01  3.1187E-01  2.7022E+01  1.8261E+01  8.7614E+00  5.1678E-01
  1.0900E+02  2.5111E+01  1.5548E+00  1.5640E+00  2.8394E+01  1.7915E+01  1.0479E+01  1.3247E+00
  1.1000E+02  2.3557E+01 -1.6449E+00 -2.0833E+00  1.9052E+01  1.7507E+01  1.5446E+00 -1.7083E+00
  1.1100E+02  2.2038E+01  9.6742E-01  8.9984E-01  2.4557E+01  1.7071E+01  7.4857E+00  6.1011E-01
  1.1200E+02  2.0583E+01 -1.0954E+00 -1.0755E+00  1.8485E+01  1.6625E+01  1.8600E+00 -1.1924E+00
  1.1300E+02  1.9204E+01 -7.3885E-01 -8.2235E-01  1.7830E+01  1.6178E+01  1.6516E+00 -1.0791E+00
  1.1400E+02  1.4496E+01 -1.1585E+00 -8.9975E-01  1.3155E+01  1.4469E+01 -1.3141E+00 -1.4325E+00
  1.1500E+02  6.2006E+00 -1.5097E-01  1.2766E-01  8.4222E+00  1.0315E+01 -1.8928E+00 -4.2570E-01
  1.1600E+02  2.6514E+00 -5.0154E-02  2.5963E-01  4.9649E+00  7.3524E+00 -2.3875E+00 -7.2197E-02
  1.1700E+02  1.1338E+00 -9.8085E-01 -5.4366E-01 -3.1050E-01  5.2407E+00 -5.5512E+00 -7.4053E-01
  1.1800E+02  4.8482E-01 -1.2566E-01  1.2020E-01  1.4111E+00  3.7355E+00 -2.3244E+00  1.3769E-01
  1.1900E+02  2.0731E-01  1.4252E-01  2.3665E-01  1.4164E+00  2.6626E+00 -1.2462E+00  3.5767E-01
  1.2000E+02  0.0000E+00  0.0000E+00  0.0000E+00  0.0000E+00  0.0000E+00  0.0000E+00  0.0000E+00
  1.2100E+02  0.0000E+00 -3.3185E-01 -3.4432E-01 -1.4391E+00  0.0000E+00 -1.4391E+00 -3.4432E-01
  1.2200E+02  8.3396E+00 -2.5069E-02 -5.9211E-04  8.5353E+00  9.3669E+00 -8.3159E-01  9.6754E-03
  1.2300E+02  1.2856E+01 -1.4252E-01 -2.6206E-02  1.3037E+01  1.4365E+01 -1.3275E+00 -9.8462E-03
  1.2400E+02  1.5234E+01 -1.3830E+00 -1.3254E+00  1.1623E+01  1.6921E+01 -5.2978E+00 -1.3477E+00
  1.2500E+02  1.6415E+01  7.9491E-01  8.5689E-01  1.9103E+01  1.8116E+01  9.8723E-01  9.0260E-01
  1.2600E+02  1.6930E+01  2.1280E+00  1.8903E+00  2.2441E+01  1.8554E+01  3.8867E+00  1.9617E+00
  1.2700E+02  1.7074E+01 -1.8808E+00 -1.8267E+00  1.2201E+01  1.8575E+01 -6.3742E+00 -1.8589E+00
  1.2800E+02  1.7012E+01  4.6770E-01  5.2523E-01  1.8646E+01  1.8368E+01  2.7793E-01  5.4959E-01
  1.2900E+02  1.6838E+01 -5.0532E-01 -2.5527E-01  1.6261E+01  1.8039E+01 -1.7781E+00 -2.5030E-01
  1.3000E+02  1.6604E+01  5.8284E-01  6.4311E-01  1.8519E+01  1.7647E+01  8.7150E-01  6.6160E-01
  1.3100E+02  1.6339E+01 -2.4473E-01 -1.1976E-01  1.6067E+01  1.7226E+01 -1.1594E+00 -1.1518E-01
  1.3200E+02  1.6058E+01 -8.6568E-01 -9.8018E-01  1.3287E+01  1.6794E+01 -3.5071E+00 -9.8529E-01
  1.3300E+02  1.5772E+01  0.0000E+00 -6.4968E-02  1.5586E+01  1.6361E+01 -7.7486E-01 -6.1723E-02
  1.3400E+02  1.4640E+01 -3.3428E-02 -1.2954E-01  1.4131E+01  1.4697E+01 -5.6553E-01 -1.2681E-01
  1.3500E+02  1.1671E+01 -2.6198E-01 -3.4626E-01  1.0141E+01  1.0616E+01 -4.7512E-01 -3.2536E-01
  1.3600E+02  9.3038E+00  2.7932E-01  3.6414E-02  8.8287E+00  7.6675E+00  1.1612E+00  5.8990E-02
  1.3700E+02  7.4164E+00  5.7297E-01  5.0964E-01  8.5356E+00  5.5379E+00  2.9977E+00  5.2145E-01
  1.3800E+02  5.9119E+00  1.4279E+00  1.5051E+00  1.0732E+01  3.9997E+00  6.7323E+00  1.4809E+00
  1.3900E+02  4.7127E+00  5.5338E-01  4.5040E-01  5.6827E+00  2.8888E+00  2.7939E+00  4.7349E-01
  1.4000E+02  0.0000E+00  0.0000E+00  0.0000E+00  0.0000E+00  0.0000E+00  0.0000E+00  0.0000E+00
  1.4100E+02  0.0000E+00 -4.4914E-01 -3.5269E-01 -1.4741E+00  0.0000E+00 -1.4741E+00 -3.5269E-01
  1.4200E+02  6.1503E+00  4.4914E-01  3.7908E-01  7.9728E+00  9.3734E+00 -1.4006E+00  4.6146E-01
  1.4300E+02  9.4918E+00 -3.1425E-01 -3.6673E-01  8.8496E+00  1.4386E+01 -5.5367E+00 -3.1303E-01
  1.4400E+02  1.1261E+01  6.2293E-01  5.2295E-01  1.3640E+01  1.6962E+01 -3.3219E+00  7.2207E-01
  1.4500E+02  1.2152E+01 -1.0222E+00 -8.9148E-01  1.0014E+01  1.8178E+01 -8.1641E+00 -9.0435E-01
  1.4600E+02  1.2551E+01 -6.6404E-01 -5.7225E-01  1.1450E+01  1.8638E+01 -7.1882E+00 -5.3890E-01
  1.4700E+02  1.2677E+01 -1.3409E-01 -1.2233E-01  1.2985E+01  1.8680E+01 -5.6954E+00 -2.3677E-02
  1.4800E+02  1.2652E+01  1.5943E-01  5.6348E-02  1.3505E+01  1.8494E+01 -4.9890E+00  1.7271E-01
  1.4900E+02  1.2544E+01  5.8521E-02 -4.8690E-02  1.3047E+01  1.8185E+01 -5.1378E+00  3.9469E-02
  1.5000E+02  1.2390E+01 -8.2977E-01 -7.7833E-01  1.0564E+01  1.7812E+01 -7.2480E+00 -8.0822E-01
  1.5100E+02  1.2213E+01  4.1789E-02 -4.5512E-02  1.2683E+01  1.7409E+01 -4.7257E+00  2.0547E-02
  1.5200E+02  1.2024E+01 -1.4051E+00 -1.2462E+00  8.6373E+00  1.6993E+01 -8.3560E+00 -1.3497E+00
  1.5300E+02  1.1830E+01 -2.9674E-01 -4.1831E-01  1.1059E+01  1.6576E+01 -5.5169E+00 -4.1896E-01
  1.5400E+02  1.1058E+01 -8.4162E-01 -8.3757E-01  8.8038E+00  1.4966E+01 -6.1620E+00 -9.0120E-01
  1.5500E+02  9.0029E+00  3.4956E-01  2.7355E-01  1.0215E+01  1.0978E+01 -7.6281E-01  2.6964E-01
  1.5600E+02  7.3288E+00  4.7704E-01  4.7444E-01  9.1337E+00  8.0514E+00  1.0823E+00  4.6612E-01
  1.5700E+02  5.9661E+00  4.3991E-01  4.0132E-01  7.4354E+00  5.9051E+00  1.5303E+00  3.9828E-01
  1.5800E+02  4.8567E+00 -5.9277E-01 -5.3654E-01  2.7340E+00  4.3309E+00 -1.5969E+00 -5.1634E-01
  1.5900E+02  3.9536E+00 -3.3428E-02 -1.6955E-01  3.1525E+00  3.1764E+00 -2.3879E-02 -1.4016E-01
  1.6000E+02  0.0000E+00  0.0000E+00  0.0000E+00  0.0000E+00  0.0000E+00  0.0000E+00  0.0000E+00
  1.6100E+02  0.0000E+00  1.7637E-01  2.0888E-01  8.7304E-01  0.0000E+00  8.7304E-01  2.0888E-01
  1.6200E+02  1.1957E+01 -7.2791E-01 -7.5214E-01  9.3326E+00  9.4000E+00 -6.7353E-02 -6.8415E-01
  1.6300E+02  1.8453E+01 -6.6893E-02  9.5450E-02  1.8401E+01  1.4474E+01  3.9265E+00  1.2227E-01
  1.6400E+02  2.1892E+01 -1.1750E+00 -1.1521E+00  1.8791E+01  1.7129E+01  1.6616E+00 -9.1702E-01
  1.6500E+02  2.3621E+01 -4.1246E-01 -4.7775E-01  2.2161E+01  1.8433E+01  3.7285E+00 -3.2407E-01
  1.6600E+02  2.4396E+01  7.2791E-01  8.5203E-01  2.5832E+01  1.8982E+01  6.8500E+00  7.7102E-01
  1.6700E+02  2.4640E+01  1.2090E+00  1.3600E+00  2.7124E+01  1.9113E+01  8.0112E+00  1.1866E+00
  1.6800E+02  2.4589E+01  0.0000E+00 -3.2367E-03  2.4099E+01  1.9013E+01  5.0862E+00  9.2333E-02
  1.6900E+02  2.4376E+01  8.7790E-01  9.7024E-01  2.5978E+01  1.8787E+01  7.1911E+00  8.8646E-01
  1.7000E+02  2.4076E+01  1.1750E+00  1.3829E+00  2.6581E+01  1.8494E+01  8.0869E+00  1.2299E+00
  1.7100E+02  2.3730E+01 -7.9491E-01 -1.0987E+00  2.0701E+01  1.8167E+01  2.5340E+00 -7.8737E-01
  1.7200E+02  2.3361E+01  2.6198E-01  2.3004E-01  2.3277E+01  1.7824E+01  5.4528E+00  3.0230E-01
  1.7300E+02  2.2983E+01  9.9446E-01  1.1302E+00  2.4942E+01  1.7476E+01  7.4663E+00  1.0484E+00
  1.7400E+02  2.1475E+01 -6.7449E-01 -6.8420E-01  1.9075E+01  1.6107E+01  2.9679E+00 -4.4681E-01
  1.7500E+02  1.7467E+01 -2.4473E-01 -6.1150E-01  1.4777E+01  1.2572E+01  2.2053E+00 -3.9618E-01
  1.7600E+02  1.4205E+01  9.5417E-01  1.0820E+00  1.6292E+01  9.8110E+00  6.4810E+00  1.0923E+00
  1.7700E+02  1.1553E+01  9.9446E-01  1.0411E+00  1.3662E+01  7.6565E+00  6.0055E+00  1.0586E+00
  1.7800E+02  9.3953E+00  1.4514E+00  1.5162E+00  1.3293E+01  5.9752E+00  7.3178E+00  1.4944E+00
  1.7900E+02  7.6408E+00 -3.3428E-02 -9.1407E-02  6.0762E+00  4.6631E+00  1.4131E+00 -6.5670E-03
  1.8000E+02  0.0000E+00  0.0000E+00  0.0000E+00  0.0000E+00  0.0000E+00  0.0000E+00  0.0000E+00
  1.8100E+02  0.0000E+00 -1.2566E-01 -8.8884E-02 -3.7150E-01  0.0000E+00 -3.7150E-01 -8.8884E-02
  1.8200E+02  6.5448E+00 -1.6712E-02 -1.0729E-01  6.5295E+00  9.3992E+00 -2.8697E+00 -7.8968E-02
  1.8300E+02  1.0117E+01 -2.1280E+00 -1.7483E+00  4.7900E+00  1.4472E+01 -9.6820E+00 -1.8704E+00
  1.8400E+02  1.2024E+01  3.4956E-01  3.1016E-01  1.3608E+01  1.7125E+01 -3.5168E+00  4.3081E-01
  1.8500E+02  1.3001E+01  7.6098E-01  4.5786E-01  1.5042E+01  1.8425E+01 -3.3835E+00  6.0900E-01
  1.8600E+02  1.3457E+01 -1.2265E+00 -1.1576E+00  1.0515E+01  1.8972E+01 -8.4574E+00 -1.2401E+00
  1.8700E+02  1.3623E+01  1.2090E+00  9.9149E-01  1.7271E+01  1.9101E+01 -1.8298E+00  1.2172E+00
  1.8800E+02  1.3628E+01 -4.2158E-01 -4.3738E-01  1.2888E+01  1.8998E+01 -6.1103E+00 -4.2458E-01
  1.8900E+02  1.3544E+01 -1.1264E+00 -1.0642E+00  1.0862E+01  1.8770E+01 -7.9081E+00 -1.1441E+00
  1.9000E+02  1.3411E+01 -1.3008E+00 -8.8496E-01  1.1253E+01  1.8475E+01 -7.2219E+00 -9.4306E-01
  1.9100E+02  1.3251E+01  3.4956E-01  4.3344E-01  1.5143E+01  1.8146E+01 -3.0027E+00  5.4424E-01
  1.9200E+02  1.3079E+01 -1.6712E-02  9.8263E-02  1.3918E+01  1.7801E+01 -3.8827E+00  1.5834E-01
  1.9300E+02  1.2900E+01 -5.9277E-01 -5.5857E-01  1.1673E+01  1.7450E+01 -5.7773E+00 -5.8428E-01
  1.9400E+02  1.2180E+01  6.6404E-01  5.8745E-01  1.4497E+01  1.6075E+01 -1.5775E+00  6.6808E-01
  1.9500E+02  1.0220E+01 -5.6315E-01 -6.5538E-01  8.3015E+00  1.2525E+01 -4.2234E+00 -7.0201E-01
  1.9600E+02  8.5752E+00 -3.6738E-01 -3.7880E-01  7.3889E+00  9.7578E+00 -2.3689E+00 -4.0313E-01
  1.9700E+02  7.1949E+00 -3.6738E-01 -3.3704E-01  6.0079E+00  7.6020E+00 -1.5941E+00 -3.4777E-01
  1.9800E+02  6.0367E+00  2.5335E-01  2.2432E-01  6.8062E+00  5.9225E+00  8.8367E-01  2.2485E-01
  1.9900E+02  5.0650E+00  6.6893E-02  1.9395E-01  5.6810E+00  4.6141E+00  1.0669E+00  2.0297E-01
  2.0000E+02  0.0000E+00  0.0000E+00  0.0000E+00  0.0000E+00  0.0000E+00  0.0000E+00  0.0000E+00
  2.0100E+02  0.0000E+00 -1.3409E-01 -1.3600E-01 -5.6842E-01  0.0000E+00 -5.6842E-01 -1.3600E-01
  2.0200E+02  1.3684E+01  5.5338E-01  6.4151E-01  1.4825E+01  9.3554E+00  5.4696E+00  7.5490E-01
  2.0300E+02  2.0599E+01  3.4956E-01  4.7216E-01  2.0806E+01  1.4327E+01  6.4795E+00  6.9814E-01
  2.0400E+02  2.3763E+01  5.8521E-02 -2.5819E-02  2.2776E+01  1.6849E+01  5.9271E+00  3.3294E-01
  2.0500E+02  2.4863E+01  9.0273E-01  8.7915E-01  2.5909E+01  1.8007E+01  7.9021E+00  1.0119E+00
  2.0600E+02  2.4845E+01  1.2265E+00  1.2272E+00  2.6750E+01  1.8408E+01  8.3421E+00  1.2349E+00
  2.0700E+02  2.4235E+01 -4.8642E-01 -6.2340E-01  2.2268E+01  1.8392E+01  3.8761E+00 -3.0418E-01
  2.0800E+02  2.3326E+01 -5.5338E-01 -6.5421E-01  2.1373E+01  1.8149E+01  3.2239E+00 -4.1575E-01
  2.0900E+02  2.2281E+01  2.6198E-01  1.9930E-01  2.2413E+01  1.7786E+01  4.6269E+00  2.2968E-01
  2.1000E+02  2.1189E+01 -2.2754E-01 -3.9747E-01  2.0015E+01  1.7362E+01  2.6526E+00 -3.4522E-01
  2.1100E+02  2.0099E+01  1.4252E-01  1.1512E-02  2.0055E+01  1.6911E+01  3.1441E+00 -3.6533E-02
  2.1200E+02  1.9036E+01  9.6742E-01  8.5906E-01  2.1338E+01  1.6450E+01  4.8879E+00  6.9865E-01
  2.1300E+02  1.8013E+01 -4.1789E-02 -2.2652E-01  1.7573E+01  1.5990E+01  1.5829E+00 -3.3350E-01
  2.1400E+02  1.4391E+01 -3.2304E-01 -4.5104E-01  1.3612E+01  1.4235E+01 -6.2336E-01 -6.5004E-01
  2.1500E+02  7.3035E+00 -1.0364E+00 -7.5993E-01  5.6619E+00  1.0009E+01 -4.3476E+00 -1.0130E+00
  2.1600E+02  3.7058E+00 -1.1264E+00 -9.8794E-01  8.5935E-01  7.0370E+00 -6.1776E+00 -1.1752E+00
  2.1700E+02  1.8803E+00 -2.1043E-01  1.2359E-02  2.6520E+00  4.9472E+00 -2.2952E+00 -1.3905E-02
  2.1800E+02  9.5406E-01  8.3555E-03  1.1428E-01  1.9017E+00  3.4781E+00 -1.5764E+00  1.5740E-01
  2.1900E+02  4.8409E-01 -2.5335E-01 -1.1541E-01  3.0592E-01  2.4452E+00 -2.1393E+00 -4.2690E-02
  2.2000E+02  0.0000E+00  0.0000E+00  0.0000E+00  0.0000E+00  0.0000E+00  0.0000E+00  0.0000E+00
  2.2100E+02  0.0000E+00  1.2566E-01  1.6728E-01  6.9916E-01  0.0000E+00  6.9916E-01  1.6728E-01
  2.2200E+02  7.3646E+00  2.5069E-02 -2.8628E-02  7.5569E+00  9.3552E+00 -1.7983E+00  4.1195E-02
  2.2300E+02  1.1356E+01  8.3555E-03 -1.3420E-01  1.1316E+01  1.4326E+01 -3.0100E+00 -2.4113E-02
  2.2400E+02  1.3459E+01 -9.2814E-01 -8.8966E-01  1.1144E+01  1.6848E+01 -5.7039E+00 -8.2252E-01
  2.2500E+02  1.4508E+01 -6.4335E-01 -7.5495E-01  1.2664E+01  1.8005E+01 -5.3414E+00 -6.8113E-01
  2.2600E+02  1.4967E+01 -6.9562E-01 -7.5444E-01  1.3131E+01  1.8406E+01 -5.2748E+00 -6.9379E-01
  2.2700E+02  1.5100E+01  5.7297E-01  3.2658E-01  1.6421E+01  1.8389E+01 -1.9683E+00  4.5689E-01
  2.2800E+02  1.5050E+01 -4.6770E-01 -3.2894E-01  1.4409E+01  1.8146E+01 -3.7371E+00 -2.7171E-01
  2.2900E+02  1.4902E+01  6.7449E-01  5.0638E-01  1.6692E+01  1.7783E+01 -1.0906E+00  6.0238E-01
  2.3000E+02  1.4700E+01  5.8521E-02  1.2040E-01  1.5315E+01  1.7358E+01 -2.0434E+00  1.6790E-01
  2.3100E+02  1.4470E+01 -2.1898E-01 -1.4861E-01  1.4247E+01  1.6906E+01 -2.6595E+00 -1.3671E-01
  2.3200E+02  1.4227E+01 -1.6449E+00 -1.5915E+00  9.6188E+00  1.6445E+01 -6.8265E+00 -1.6731E+00
  2.3300E+02  1.3979E+01  1.0364E+00  9.3478E-01  1.6966E+01  1.5985E+01  9.8110E-01  9.6758E-01
  2.3400E+02  1.2995E+01  2.9674E-01  4.5344E-01  1.4428E+01  1.4229E+01  1.9903E-01  4.0790E-01
  2.3500E+02  1.0407E+01  2.6198E-01  2.2172E-01  1.0853E+01  1.0001E+01  8.5185E-01  1.1583E-01
  2.3600E+02  8.3330E+00  9.9446E-01  1.2633E+00  1.2252E+01  7.0285E+00  5.2235E+00  1.1338E+00
  2.3700E+02  6.6725E+00  4.9585E-01  4.1724E-01  7.5679E+00  4.9394E+00  2.6285E+00  3.3781E-01
  2.3800E+02  5.3429E+00  3.5846E-01  1.6863E-01  5.2946E+00  3.4712E+00  1.8234E+00  1.2469E-01
  2.3900E+02  4.2783E+00 -4.3991E-01 -5.4779E-01  1.4880E+00  2.4395E+00 -9.5147E-01 -5.4286E-01
  2.4000E+02  0.0000E+00  0.0000E+00  0.0000E+00  0.0000E+00  0.0000E+00  0.0000E+00  0.0000E+00
  2.4100E+02  0.0000E+00 -5.0154E-02 -7.6663E-02 -3.2042E-01  0.0000E+00 -3.2042E-01 -7.6663E-02
  2.4200E+02  5.0358E+00  3.4956E-01  2.8892E-01  6.7460E+00  9.3892E+00 -2.6432E+00  4.3864E-01
  2.4300E+02  7.7992E+00  1.0043E-01 -1.1300E-02  8.6614E+00  1.4439E+01 -5.7771E+00  2.0344E-01
  2.4400E+02  9.2900E+00 -5.5338E-01 -5.8197E-01  8.3299E+00  1.7061E+01 -8.7312E+00 -4.3223E-01
  2.4500E+02  1.0068E+01 -6.8502E-01 -7.1518E-01  8.7517E+00  1.8329E+01 -9.5769E+00 -5.8809E-01
  2.4600E+02  1.0448E+01 -1.5548E+00 -1.4582E+00  6.7008E+00  1.8841E+01 -1.2141E+01 -1.5133E+00
  2.4700E+02  1.0606E+01  6.5366E-01  2.4770E-01  1.2519E+01  1.8936E+01 -6.4168E+00  5.7359E-01
  2.4800E+02  1.0639E+01 -7.3885E-01 -7.2297E-01  9.3268E+00  1.8800E+01 -9.4733E+00 -6.4287E-01
  2.4900E+02  1.0604E+01  2.6198E-01  7.7426E-02  1.1918E+01  1.8540E+01 -6.6217E+00  3.1424E-01
  2.5000E+02  1.0530E+01 -4.8642E-01 -4.7997E-01  9.9731E+00  1.8214E+01 -8.2405E+00 -3.8875E-01
  2.5100E+02  1.0436E+01 -1.1750E+00 -1.1631E+00  7.5797E+00  1.7855E+01 -1.0275E+01 -1.2333E+00
  2.5200E+02  1.0331E+01 -9.4107E-01 -1.0067E+00  7.9599E+00  1.7482E+01 -9.5217E+00 -1.0601E+00
  2.5300E+02  1.0220E+01  7.4987E-01  5.6175E-01  1.3055E+01  1.7104E+01 -4.0491E+00  7.9033E-01
  2.5400E+02  9.7655E+00 -8.6568E-01 -9.1046E-01  7.5450E+00  1.5633E+01 -8.0880E+00 -1.0042E+00
  2.5500E+02  8.4957E+00  2.2754E-01  2.6891E-01  1.0013E+01  1.1898E+01 -1.8847E+00  2.3140E-01
  2.5600E+02  7.3901E+00 -6.1281E-01 -6.3247E-01  5.4839E+00  9.0537E+00 -3.5698E+00 -7.3526E-01
  2.5700E+02  6.4285E+00  5.3401E-01  4.4451E-01  8.2221E+00  6.8895E+00  1.3326E+00  3.8763E-01
  2.5800E+02  5.5919E+00  1.1724E-01  2.1287E-01  6.4078E+00  5.2426E+00  1.1652E+00  1.8064E-01
  2.5900E+02  4.8643E+00  9.2039E-02  4.8346E-02  4.9566E+00  3.9894E+00  9.6716E-01  4.8864E-02
  2.6000E+02  0.0000E+00  0.0000E+00  0.0000E+00  0.0000E+00  0.0000E+00  0.0000E+00  0.0000E+00
  2.6100E+02  0.0000E+00 -2.5335E-01 -2.5132E-01 -1.0504E+00  0.0000E+00 -1.0504E+00 -2.5132E-01
  2.6200E+02  5.3137E+00  0.0000E+00  6.3769E-03  5.8911E+00  9.3952E+00 -3.5041E+00  5.1488E-02
  2.6300E+02  8.2089E+00 -3.8532E-01 -3.2343E-01  7.8781E+00  1.4459E+01 -6.5807E+00 -2.8673E-01
  2.6400E+02  9.7503E+00  2.4473E-01  2.4279E-01  1.1491E+01  1.7100E+01 -5.6085E+00  4.0902E-01
  2.6500E+02  1.0534E+01 -1.5274E+00 -1.2639E+00  7.3182E+00  1.8387E+01 -1.1069E+01 -1.3967E+00
  2.6600E+02  1.0895E+01 -9.4107E-01 -7.7851E-01  9.3346E+00  1.8920E+01 -9.5858E+00 -8.0251E-01
  2.6700E+02  1.1021E+01  1.6712E-02  5.0180E-03  1.2041E+01  1.9035E+01 -6.9942E+00  1.6048E-01
  2.6800E+02  1.1015E+01  1.5834E+00  1.1713E+00  1.5854E+01  1.8919E+01 -3.0655E+00  1.5862E+00
  2.6900E+02  1.0937E+01 -4.3073E-01 -3.3790E-01  1.0822E+01  1.8678E+01 -7.8564E+00 -2.5391E-01
  2.7000E+02  1.0820E+01 -9.0273E-01 -7.7832E-01  9.2415E+00  1.8371E+01 -9.1294E+00 -7.8550E-01
  2.7100E+02  1.0682E+01 -1.0222E+00 -1.0316E+00  8.2463E+00  1.8030E+01 -9.7835E+00 -1.0866E+00
  2.7200E+02  1.0533E+01 -4.9585E-01 -4.6734E-01  9.9437E+00  1.7673E+01 -7.7298E+00 -4.0587E-01
  2.7300E+02  1.0379E+01 -8.2977E-01 -8.4466E-01  8.5157E+00  1.7312E+01 -8.7965E+00 -8.5353E-01
  2.7400E+02  9.7633E+00 -5.8284E-01 -6.0599E-01  8.6114E+00  1.5898E+01 -7.2866E+00 -5.6050E-01
  2.7500E+02  8.1016E+00 -9.5417E-01 -1.0683E+00  5.0943E+00  1.2272E+01 -7.1781E+00 -1.0486E+00
  2.7600E+02  6.7220E+00 -3.4956E-01 -5.8964E-01  5.2004E+00  9.4723E+00 -4.2719E+00 -5.0367E-01
  2.7700E+02  5.5772E+00 -5.0532E-01 -7.1116E-01  3.4361E+00  7.3111E+00 -3.8750E+00 -6.1839E-01
  2.7800E+02  4.6274E+00 -1.0043E-01 -2.3890E-01  4.1310E+00  5.6430E+00 -1.5120E+00 -1.2720E-01
  2.7900E+02  3.8394E+00 -5.8521E-02 -2.3870E-01  3.2494E+00  4.3555E+00 -1.1061E+00 -1.2776E-01
  2.8000E+02  0.0000E+00  0.0000E+00  0.0000E+00  0.0000E+00  0.0000E+00  0.0000E+00  0.0000E+00
  2.8100E+02  0.0000E+00 -3.3185E-01 -3.0089E-01 -1.2576E+00  0.0000E+00 -1.2576E+00 -3.0089E-01
  2.8200E+02  7.4318E+00 -2.5335E-01 -2.1922E-01  6.8983E+00  9.3808E+00 -2.4825E+00 -1.8412E-01
  2.8300E+02  1.1476E+01 -9.6742E-01 -9.5224E-01  8.7259E+00  1.4411E+01 -5.6848E+00 -9.4119E-01
  2.8400E+02  1.3624E+01 -5.8284E-01 -6.2668E-01  1.2060E+01  1.7008E+01 -4.9482E+00 -5.8714E-01
  2.8500E+02  1.4712E+01 -8.1804E-01 -7.7293E-01  1.2764E+01  1.8248E+01 -5.4842E+00 -7.4784E-01
  2.8600E+02  1.5208E+01  8.0642E-01  7.2397E-01  1.7664E+01  1.8733E+01 -1.0689E+00  8.6978E-01
  2.8700E+02  1.5373E+01  3.1425E-01  1.9478E-01  1.6253E+01  1.8799E+01 -2.5463E+00  2.8398E-01
  2.8800E+02  1.5355E+01  9.2039E-02  5.0298E-02  1.5789E+01  1.8636E+01 -2.8474E+00  1.1469E-01
  2.8900E+02  1.5237E+01 -6.6404E-01 -4.3947E-01  1.4210E+01  1.8350E+01 -4.1397E+00 -4.2541E-01
  2.9000E+02  1.5064E+01 -1.0083E+00 -8.7934E-01  1.2709E+01  1.7999E+01 -5.2895E+00 -9.0733E-01
  2.9100E+02  1.4861E+01 -1.4252E-01 -9.7039E-02  1.4782E+01  1.7616E+01 -2.8337E+00 -8.0183E-02
  2.9200E+02  1.4645E+01 -4.3991E-01 -3.8485E-01  1.3680E+01  1.7220E+01 -3.5397E+00 -3.9639E-01
  2.9300E+02  1.4422E+01  1.4758E+00  1.2619E+00  1.8359E+01  1.6821E+01  1.5384E+00  1.3380E+00
  2.9400E+02  1.3529E+01 -4.6770E-01 -3.9069E-01  1.2386E+01  1.5274E+01 -2.8879E+00 -4.3501E-01
  2.9500E+02  1.1135E+01  1.0043E-01  1.8704E-01  1.1557E+01  1.1398E+01  1.5858E-01  1.2298E-01
  2.9600E+02  9.1636E+00  3.3428E-02  3.9824E-02  8.9367E+00  8.5051E+00  4.3160E-01 -2.2685E-02
  2.9700E+02  7.5412E+00  6.2293E-01  5.9985E-01  9.1989E+00  6.3462E+00  2.8527E+00  5.3659E-01
  2.9800E+02  6.2061E+00  6.6404E-01  6.7819E-01  8.1492E+00  4.7353E+00  3.4139E+00  6.2697E-01
  2.9900E+02  5.1073E+00 -2.1898E-01 -3.4377E-01  3.2366E+00  3.5333E+00 -2.9672E-01 -3.4507E-01
  3.0000E+02  0.0000E+00  0.0000E+00  0.0000E+00  0.0000E+00  0.0000E+00  0.0000E+00  0.0000E+00
  3.0100E+02  0.0000E+00  1.3409E-01  7.0832E-02  2.9605E-01  0.0000E+00  2.9605E-01  7.0832E-02
  3.0200E+02  1.0744E+01  6.0276E-01  6.8471E-01  1.2864E+01  9.4254E+00  3.4386E+00  6.6502E-01
  3.0300E+02  1.6589E+01  1.1918E+00  1.2115E+00  1.9816E+01  1.4559E+01  5.2565E+00  1.1396E+00
  3.0400E+02  1.9692E+01  2.5335E-01  4.7739E-01  2.0708E+01  1.7291E+01  3.4166E+00  4.4758E-01
  3.0500E+02  2.1263E+01 -4.5840E-01 -2.8888E-01  2.0340E+01  1.8680E+01  1.6604E+00 -2.4501E-01
  3.0600E+02  2.1977E+01 -7.4987E-01 -7.5093E-01  1.9966E+01  1.9317E+01  6.4871E-01 -6.5511E-01
  3.0700E+02  2.2213E+01 -1.3830E+00 -1.3407E+00  1.8822E+01  1.9537E+01 -7.1456E-01 -1.1799E+00
  3.0800E+02  2.2186E+01  5.4367E-01  6.7432E-01  2.3543E+01  1.9524E+01  4.0194E+00  6.1741E-01
  3.0900E+02  2.2012E+01 -9.2039E-02  6.9281E-02  2.1939E+01  1.9383E+01  2.5565E+00  7.6890E-02
  3.1000E+02  2.1759E+01  1.0655E+00  1.2418E+00  2.4493E+01  1.9172E+01  5.3211E+00  1.1301E+00
  3.1100E+02  2.1465E+01  9.1537E-01  9.6783E-01  2.3563E+01  1.8924E+01  4.6388E+00  8.8660E-01
  3.1200E+02  2.1149E+01  6.8502E-01  6.5985E-01  2.2517E+01  1.8658E+01  3.8591E+00  6.1048E-01
  3.1300E+02  2.0825E+01 -1.4279E+00 -1.5379E+00  1.6775E+01  1.8383E+01 -1.6081E+00 -1.3854E+00
  3.1400E+02  1.9526E+01  6.8502E-01  5.8405E-01  2.0776E+01  1.7281E+01  3.4950E+00  5.4827E-01
  3.1500E+02  1.6049E+01 -7.9491E-01 -1.0799E+00  1.2688E+01  1.4313E+01 -1.6247E+00 -1.0176E+00
  3.1600E+02  1.3189E+01  4.1789E-02 -2.9580E-01  1.2005E+01  1.1853E+01  1.5210E-01 -2.8169E-01
  3.1700E+02  1.0839E+01 -1.9337E-01 -2.9912E-01  9.5967E+00  9.8158E+00 -2.1911E-01 -2.8909E-01
  3.1800E+02  8.9078E+00  8.4162E-01  7.7151E-01  1.1326E+01  8.1288E+00  3.1972E+00  7.5767E-01
  3.1900E+02  7.3206E+00  1.2816E+00  1.2046E+00  1.1408E+01  6.7318E+00  4.6762E+00  1.1880E+00
  3.2000E+02  0.0000E+00  0.0000E+00  0.0000E+00  0.0000E+00  0.0000E+00  0.0000E+00  0.0000E+00
  3.2100E+02  0.0000E+00  2.9674E-01  3.6970E-01  1.5452E+00  0.0000E+00  1.5452E+00  3.6970E-01
  3.2200E+02  6.7760E+00 -2.7932E-01 -2.1261E-01  6.3148E+00  9.3974E+00 -3.0826E+00 -1.9254E-01
  3.2300E+02  1.0467E+01  3.1425E-01  2.6669E-01  1.1782E+01  1.4466E+01 -2.6840E+00  3.5160E-01
  3.2400E+02  1.2430E+01 -9.2814E-01 -8.9809E-01  1.0068E+01  1.7113E+01 -7.0453E+00 -9.2979E-01
  3.2500E+02  1.3427E+01 -1.1264E+00 -1.0096E+00  1.0811E+01  1.8408E+01 -7.5969E+00 -1.0591E+00
  3.2600E+02  1.3885E+01  2.2754E-01  1.2601E-01  1.4761E+01  1.8949E+01 -4.1877E+00  2.2171E-01
  3.2700E+02  1.4042E+01 -5.1484E-01 -5.4190E-01  1.2888E+01  1.9071E+01 -6.1829E+00 -5.3825E-01
  3.2800E+02  1.4032E+01 -5.4367E-01 -5.9341E-01  1.2712E+01  1.8962E+01 -6.2503E+00 -6.0109E-01
  3.2900E+02  1.3930E+01 -5.0154E-02  2.7041E-02  1.4478E+01  1.8728E+01 -4.2502E+00  9.3197E-02
  3.3000E+02  1.3778E+01 -9.4107E-01 -8.4970E-01  1.1640E+01  1.8427E+01 -6.7874E+00 -8.9766E-01
  3.3100E+02  1.3599E+01  3.0548E-01  1.8446E-01  1.4605E+01  1.8093E+01 -3.4877E+00  2.5587E-01
  3.3200E+02  1.3407E+01 -1.0884E-01 -1.1836E-01  1.3470E+01  1.7743E+01 -4.2726E+00 -8.8431E-02
  3.3300E+02  1.3208E+01  1.2090E+00  1.0560E+00  1.6893E+01  1.7387E+01 -4.9418E-01  1.2092E+00
  3.3400E+02  1.2414E+01 -2.5069E-02 -5.5736E-02  1.2601E+01  1.5994E+01 -3.3928E+00 -4.2709E-02
  3.3500E+02  1.0275E+01 -3.4956E-01 -3.4087E-01  9.3644E+00  1.2409E+01 -3.0447E+00 -3.6988E-01
  3.3600E+02  8.5029E+00 -4.4914E-01 -3.0282E-01  7.5676E+00  9.6265E+00 -2.0589E+00 -3.2734E-01
  3.3700E+02  7.0367E+00 -4.6770E-01 -6.2236E-01  4.8312E+00  7.4679E+00 -2.6367E+00 -6.4007E-01
  3.3800E+02  5.8234E+00 -1.9337E-01 -2.6684E-01  4.8111E+00  5.7934E+00 -9.8228E-01 -2.7115E-01
  3.3900E+02  4.8193E+00  6.1281E-01  4.2525E-01  6.3611E+00  4.4943E+00  1.8668E+00  4.2488E-01
  3.4000E+02  0.0000E+00  0.0000E+00  0.0000E+00  0.0000E+00  0.0000E+00  0.0000E+00  0.0000E+00
  3.4100E+02  0.0000E+00  7.5270E-02  7.4658E-02  3.1204E-01  0.0000E+00  3.1204E-01  7.4658E-02
  3.4200E+02  6.9543E+00  3.3428E-02 -9.8676E-02  6.9726E+00  9.3934E+00 -2.4208E+00  2.5967E-03
  3.4300E+02  1.0772E+01 -7.3885E-01 -9.5222E-01  8.1525E+00  1.4453E+01 -6.3003E+00 -8.5349E-01
  3.4400E+02  1.2833E+01 -2.0189E-01 -4.0971E-01  1.2120E+01  1.7088E+01 -4.9681E+00 -2.3358E-01
  3.4500E+02  1.3910E+01 -3.4069E-01 -5.9991E-01  1.2662E+01  1.8370E+01 -5.7077E+00 -4.4194E-01
  3.4600E+02  1.4437E+01 -7.1707E-01 -8.4398E-01  1.2470E+01  1.8897E+01 -6.4270E+00 -7.2700E-01
  3.4700E+02  1.4657E+01 -1.6781E+00 -1.9543E+00  9.3747E+00  1.9006E+01 -9.6310E+00 -1.9813E+00
  3.4800E+02  1.4706E+01  1.3830E+00  1.0720E+00  1.8400E+01  1.8884E+01 -4.8406E-01  1.3494E+00
  3.4900E+02  1.4660E+01 -3.2304E-01 -3.4870E-01  1.4095E+01  1.8637E+01 -4.5423E+00 -2.4956E-01
  3.5000E+02  1.4561E+01 -3.5846E-01 -3.3637E-01  1.3996E+01  1.8324E+01 -4.3282E+00 -2.6198E-01
  3.5100E+02  1.4433E+01  4.6770E-01  5.8907E-01  1.6603E+01  1.7978E+01 -1.3748E+00  7.2211E-01
  3.5200E+02  1.4290E+01  3.3428E-02  3.1304E-02  1.4755E+01  1.7616E+01 -2.8615E+00  8.8953E-02
  3.5300E+02  1.4140E+01  5.4367E-01  5.8840E-01  1.6253E+01  1.7250E+01 -9.9735E-01  6.6630E-01
  3.5400E+02  1.3522E+01 -5.8284E-01 -3.7009E-01  1.2588E+01  1.5819E+01 -3.2311E+00 -4.3463E-01
  3.5500E+02  1.1791E+01  1.5097E-01  3.6040E-01  1.2801E+01  1.2160E+01  6.4074E-01  2.1199E-01
  3.5600E+02  1.0280E+01  5.6315E-01  7.3884E-01  1.2319E+01  9.3464E+00  2.9726E+00  5.5677E-01
  3.5700E+02  8.9630E+00  7.2791E-01  9.3721E-01  1.1550E+01  7.1837E+00  4.3663E+00  7.5665E-01
  3.5800E+02  7.8148E+00  4.3991E-01  5.5245E-01  8.9685E+00  5.5214E+00  3.4471E+00  4.1751E-01
  3.5900E+02  6.8136E+00  2.5335E-01  2.3451E-01  6.7483E+00  4.2438E+00  2.5045E+00  1.5037E-01
  3.6000E+02  0.0000E+00  0.0000E+00  0.0000E+00  0.0000E+00  0.0000E+00  0.0000E+00  0.0000E+00
  3.6100E+02  0.0000E+00 -1.6712E-02 -7.7271E-02 -3.2296E-01  0.0000E+00 -3.2296E-01 -7.7271E-02
  3.6200E+02  1.6652E+01 -4.2158E-01 -5.7260E-01  1.4465E+01  9.3803E+00  5.0847E+00 -3.0928E-01
  3.6300E+02  2.5411E+01  4.6770E-01  8.0496E-01  2.6456E+01  1.4409E+01  1.2047E+01  8.5387E-01
  3.6400E+02  2.9767E+01  3.6738E-01  3.8764E-01  2.9819E+01  1.7005E+01  1.2814E+01  6.1281E-01
  3.6500E+02  3.1676E+01 -7.8350E-01 -1.6863E+00  2.8395E+01  1.8243E+01  1.0152E+01 -5.7285E-01
  3.6600E+02  3.2230E+01  6.6893E-02 -2.7715E-01  3.1180E+01  1.8726E+01  1.2454E+01  2.3459E-01
  3.6700E+02  3.2044E+01  1.6781E+00  1.9778E+00  3.4463E+01  1.8791E+01  1.5672E+01  1.5037E+00
  3.6800E+02  3.1461E+01  1.1585E+00  1.0542E+00  3.2464E+01  1.8626E+01  1.3838E+01  9.5224E-01
  3.6900E+02  3.0670E+01  2.6198E-01  1.7717E-01  3.0248E+01  1.8338E+01  1.1910E+01  3.9816E-01
  3.7000E+02  2.9780E+01  9.8085E-01  1.2722E+00  3.1240E+01  1.7985E+01  1.3255E+01  1.0558E+00
  3.7100E+02  2.8850E+01  6.2293E-01  6.1781E-01  2.9189E+01  1.7601E+01  1.1588E+01  6.1901E-01
  3.7200E+02  2.7911E+01  2.1280E+00  3.1240E+00  3.3009E+01  1.7204E+01  1.5805E+01  2.2882E+00
  3.7300E+02  2.6982E+01 -5.2440E-01 -8.2976E-01  2.4518E+01  1.6803E+01  7.7147E+00 -4.2447E-01
  3.7400E+02  2.3497E+01 -2.4473E-01 -3.2062E-01  2.1881E+01  1.5252E+01  6.6290E+00 -1.8541E-01
  3.7500E+02  1.5460E+01 -2.3613E-01 -3.8613E-01  1.3470E+01  1.1368E+01  2.1017E+00 -3.7834E-01
  3.7600E+02  1.0170E+01 -2.1043E-01 -1.5346E-01  8.9478E+00  8.4723E+00  4.7546E-01 -1.5640E-01
  3.7700E+02  6.6906E+00 -1.0884E-01 -6.7894E-02  5.9032E+00  6.3141E+00 -4.1089E-01 -2.7689E-02
  3.7800E+02  4.4015E+00  2.1898E-01  2.7866E-01  5.0676E+00  4.7056E+00  3.6196E-01  3.6352E-01
  3.7900E+02  2.8955E+00  6.6893E-02  1.5827E-01  3.2325E+00  3.5069E+00 -2.7443E-01  2.7419E-01
  3.8000E+02  0.0000E+00  0.0000E+00  0.0000E+00  0.0000E+00  0.0000E+00  0.0000E+00  0.0000E+00
  3.8100E+02  0.0000E+00  8.3555E-03  1.2133E-02  5.0709E-02  0.0000E+00  5.0709E-02  1.2133E-02
  3.8200E+02  8.3874E+00 -8.4162E-01 -9.5180E-01  5.1043E+00  9.3870E+00 -4.2827E+00 -9.6884E-01
  3.8300E+02  1.2864E+01 -3.6738E-01 -2.9720E-01  1.1996E+01  1.4432E+01 -2.4355E+00 -3.0194E-01
  3.8400E+02  1.5156E+01 -1.5097E-01 -4.7945E-02  1.5094E+01  1.7048E+01 -1.9538E+00 -4.2335E-02
  3.8500E+02  1.6229E+01 -2.0189E-01 -1.4164E-01  1.5925E+01  1.8308E+01 -2.3833E+00 -1.3678E-01
  3.8600E+02  1.6625E+01  1.4279E+00  1.1792E+00  2.0068E+01  1.8814E+01  1.2540E+00  1.2461E+00
  3.8700E+02  1.6647E+01 -1.0803E+00 -1.0743E+00  1.3769E+01  1.8901E+01 -5.1323E+00 -1.1075E+00
  3.8800E+02  1.6464E+01 -1.0222E+00 -1.0339E+00  1.3709E+01  1.8759E+01 -5.0497E+00 -1.0643E+00
  3.8900E+02  1.6173E+01  1.5943E-01  1.9704E-01  1.6929E+01  1.8492E+01 -1.5626E+00  2.3149E-01
  3.9000E+02  1.5825E+01 -2.5069E-02  6.3680E-02  1.6226E+01  1.8159E+01 -1.9331E+00  9.4300E-02
  3.9100E+02  1.5450E+01 -6.0276E-01 -6.7017E-01  1.3739E+01  1.7794E+01 -4.0552E+00 -6.7684E-01
  3.9200E+02  1.5066E+01  1.0222E+00  9.8255E-01  1.8221E+01  1.7415E+01  8.0587E-01  1.0697E+00
  3.9300E+02  1.4680E+01 -3.5846E-01 -4.3781E-01  1.3661E+01  1.7032E+01 -3.3712E+00 -4.2776E-01
  3.9400E+02  1.3198E+01  6.2293E-01  4.8355E-01  1.5054E+01  1.5542E+01 -4.8766E-01  5.5368E-01
  3.9500E+02  9.5584E+00 -3.3428E-02 -2.6255E-01  9.1650E+00  1.1770E+01 -2.6048E+00 -2.2522E-01
  3.9600E+02  6.9213E+00 -7.8350E-01 -8.8396E-01  4.2707E+00  8.9121E+00 -4.6414E+00 -8.7372E-01
  3.9700E+02  5.0118E+00 -8.0642E-01 -7.8833E-01  2.5677E+00  6.7482E+00 -4.1805E+00 -7.7245E-01
  3.9800E+02  3.6291E+00 -5.7297E-01 -6.2612E-01  1.6778E+00  5.1098E+00 -3.4320E+00 -6.0592E-01
  3.9900E+02  2.6279E+00 -6.9562E-01 -5.3249E-01  9.3494E-01  3.8691E+00 -2.9342E+00 -5.1236E-01
  4.0000E+02  0.0000E+00  0.0000E+00  0.0000E+00  0.0000E+00  0.0000E+00  0.0000E+00  0.0000E+00
  4.0100E+02  0.0000E+00 -1.5943E-01 -1.5236E-01 -6.3680E-01  0.0000E+00 -6.3680E-01 -1.5236E-01
  4.0200E+02  9.0440E+00 -7.3885E-01 -7.7845E-01  6.3595E+00  9.3741E+00 -3.0146E+00 -7.8113E-01
  4.0300E+02  1.3896E+01  6.3310E-01  6.5280E-01  1.5855E+01  1.4389E+01  1.4665E+00  6.5487E-01
  4.0400E+02  1.6405E+01 -2.7932E-01 -2.3472E-01  1.5698E+01  1.6966E+01 -1.2682E+00 -2.3375E-01
  4.0500E+02  1.7606E+01 -6.6404E-01 -6.3817E-01  1.5805E+01  1.8185E+01 -2.3795E+00 -6.3556E-01
  4.0600E+02  1.8079E+01 -7.7219E-01 -7.2668E-01  1.6053E+01  1.8647E+01 -2.5939E+00 -7.2335E-01
  4.0700E+02  1.8149E+01 -7.1707E-01 -5.8346E-01  1.6503E+01  1.8691E+01 -2.1883E+00 -5.8082E-01
  4.0800E+02  1.7997E+01  1.2445E+00  1.1095E+00  2.0913E+01  1.8507E+01  2.4059E+00  1.1061E+00
  4.0900E+02  1.7727E+01  5.0532E-01  5.7161E-01  1.9193E+01  1.8200E+01  9.9308E-01  5.7026E-01
  4.1000E+02  1.7393E+01  2.6198E-01  3.2204E-01  1.8181E+01  1.7829E+01  3.5188E-01  3.2147E-01
  4.1100E+02  1.7029E+01 -3.5846E-01 -3.7676E-01  1.5875E+01  1.7428E+01 -1.5527E+00 -3.7605E-01
  4.1200E+02  1.6652E+01  6.0276E-01  5.4474E-01  1.8073E+01  1.7014E+01  1.0590E+00  5.4395E-01
  4.1300E+02  1.6272E+01  3.6738E-01  2.5313E-01  1.6874E+01  1.6598E+01  2.7571E-01  2.5274E-01
  4.1400E+02  1.4796E+01 -2.2754E-01 -3.1486E-01  1.3723E+01  1.4994E+01 -1.2709E+00 -3.1479E-01
  4.1500E+02  1.1088E+01 -1.1108E+00 -1.0319E+00  7.5339E+00  1.1016E+01 -3.4820E+00 -1.0279E+00
  4.1600E+02  8.3084E+00  5.0532E-01  4.0868E-01  9.5438E+00  8.0922E+00  1.4516E+00  4.0590E-01
  4.1700E+02  6.2255E+00  3.3428E-02  4.1480E-02  6.1862E+00  5.9444E+00  2.4178E-01  4.1413E-02
  4.1800E+02  4.6648E+00  1.5097E-01  9.5239E-02  4.8479E+00  4.3667E+00  4.8120E-01  9.4975E-02
  4.1900E+02  3.4953E+00  1.0884E-01  1.1920E-01  3.7991E+00  3.2077E+00  5.9137E-01  1.1896E-01
  4.2000E+02  0.0000E+00  0.0000E+00  0.0000E+00  0.0000E+00  0.0000E+00  0.0000E+00  0.0000E+00
  4.2100E+02  0.0000E+00 -1.2566E-01 -8.7657E-02 -3.6637E-01  0.0000E+00 -3.6637E-01 -8.7657E-02
  4.2200E+02  1.0344E+01 -8.3652E-02  7.6574E-02  1.0344E+01  9.3837E+00  9.6027E-01  1.0375E-01
  4.2300E+02  1.5801E+01  6.6893E-02  2.6159E-01  1.6229E+01  1.4420E+01  1.8085E+00  2.9905E-01
  4.2400E+02  1.8532E+01 -5.2440E-01 -3.1294E-01  1.7370E+01  1.7027E+01  3.4321E-01 -2.3465E-01
  4.2500E+02  1.9745E+01 -6.0276E-01 -4.6784E-01  1.8243E+01  1.8276E+01 -3.3454E-02 -3.7888E-01
  4.2600E+02  2.0119E+01  1.5274E+00  1.6503E+00  2.4027E+01  1.8771E+01  5.2561E+00  1.5993E+00
  4.2700E+02  2.0032E+01  7.2791E-01  7.4207E-01  2.1692E+01  1.8847E+01  2.8448E+00  7.4336E-01
  4.2800E+02  1.9697E+01 -7.1707E-01 -5.6456E-01  1.8074E+01  1.8694E+01 -6.1975E-01 -5.0185E-01
  4.2900E+02  1.9233E+01  2.5335E-01  1.9663E-01  1.9617E+01  1.8416E+01  1.2007E+00  2.1348E-01
  4.3000E+02  1.8704E+01 -4.0338E-01 -4.4428E-01  1.7450E+01  1.8074E+01 -6.2383E-01 -4.1188E-01
  4.3100E+02  1.8149E+01 -9.5417E-01 -1.1965E+00  1.4898E+01  1.7699E+01 -2.8014E+00 -1.1539E+00
  4.3200E+02  1.7587E+01  9.9446E-01  1.0079E+00  2.0362E+01  1.7311E+01  3.0507E+00  9.8929E-01
  4.3300E+02  1.7029E+01 -7.0630E-01 -9.4282E-01  1.4467E+01  1.6920E+01 -2.4527E+00 -9.3209E-01
  4.3400E+02  1.4928E+01  8.3652E-02 -5.8363E-02  1.4981E+01  1.5399E+01 -4.1818E-01 -7.8045E-02
  4.3500E+02  1.0018E+01 -2.4473E-01 -5.1108E-01  8.8459E+00  1.1572E+01 -2.7256E+00 -5.6054E-01
  4.3600E+02  6.7224E+00  0.0000E+00  8.3971E-02  7.6807E+00  8.6940E+00 -1.0133E+00  6.4592E-02
  4.3700E+02  4.5108E+00 -6.9562E-01 -6.0015E-01  2.8642E+00  6.5321E+00 -3.6679E+00 -6.3893E-01
  4.3800E+02  3.0268E+00 -3.4956E-01 -4.1706E-01  1.9533E+00  4.9078E+00 -2.9545E+00 -4.3612E-01
  4.3900E+02  2.0311E+00 -2.2754E-01 -1.6927E-01  1.8236E+00  3.6874E+00 -1.8638E+00 -1.6969E-01
  4.4000E+02  0.0000E+00  0.0000E+00  0.0000E+00  0.0000E+00  0.0000E+00  0.0000E+00  0.0000E+00
  4.4100E+02  0.0000E+00  4.0338E-01  4.4078E-01  1.8423E+00  0.0000E+00  1.8423E+00  4.4078E-01
  4.4200E+02  1.0596E+01  5.8521E-02  2.2422E-01  1.1117E+01  9.3904E+00  1.7266E+00  2.2984E-01
  4.4300E+02  1.6267E+01  1.0222E+00  1.1266E+00  1.9169E+01  1.4443E+01  4.7263E+00  1.0814E+00
  4.4400E+02  1.9186E+01 -6.5366E-01 -4.4319E-01  1.7697E+01  1.7069E+01  6.2803E-01 -3.7936E-01
  4.4500E+02  2.0570E+01  4.2158E-01  7.0468E-01  2.1983E+01  1.8341E+01  3.6425E+00  6.7241E-01
  4.4600E+02  2.1099E+01  4.3073E-01  5.7471E-01  2.2164E+01  1.8858E+01  3.3065E+00  5.5066E-01
  4.4700E+02  2.1156E+01 -9.6742E-01 -1.1661E+00  1.7968E+01  1.8956E+01 -9.8809E-01 -1.0378E+00
  4.4800E+02  2.0954E+01  4.1246E-01  5.2365E-01  2.1914E+01  1.8824E+01  3.0895E+00  4.9945E-01
  4.4900E+02  2.0613E+01  8.9025E-01  8.9104E-01  2.2512E+01  1.8568E+01  3.9440E+00  8.3538E-01
  4.5000E+02  2.0200E+01  7.5270E-02  8.0626E-02  2.0095E+01  1.8246E+01  1.8493E+00  8.6615E-02
  4.5100E+02  1.9752E+01 -8.3652E-02 -9.2076E-02  1.9219E+01  1.7890E+01  1.3286E+00 -7.7376E-02
  4.5200E+02  1.9290E+01  1.4252E-01 -3.0002E-02  1.8926E+01  1.7521E+01  1.4054E+00 -2.3467E-02
  4.5300E+02  1.8825E+01 -6.3310E-01 -7.2716E-01  1.6634E+01  1.7146E+01 -5.1247E-01 -6.8129E-01
  4.5400E+02  1.7029E+01 -1.7637E-01 -4.8593E-01  1.5448E+01  1.5687E+01 -2.3883E-01 -4.7307E-01
  4.5500E+02  1.2564E+01 -6.1281E-01 -7.4806E-01  1.0097E+01  1.1973E+01 -1.8764E+00 -7.5861E-01
  4.5600E+02  9.2681E+00  4.3073E-01  3.0509E-01  1.0283E+01  9.1377E+00  1.1453E+00  2.7744E-01
  4.5700E+02  6.8369E+00  2.6198E-01  1.9037E-01  7.5491E+00  6.9737E+00  5.7543E-01  1.6685E-01
  4.5800E+02  5.0435E+00  4.3073E-01  5.5773E-01  7.1956E+00  5.3221E+00  1.8735E+00  5.4029E-01
  4.5900E+02  3.7205E+00  3.2304E-01  4.3882E-01  5.4852E+00  4.0617E+00  1.4235E+00  4.2541E-01
  4.6000E+02  0.0000E+00  0.0000E+00  0.0000E+00  0.0000E+00  0.0000E+00  0.0000E+00  0.0000E+00
  4.6100E+02  0.0000E+00 -2.0189E-01 -1.4940E-01 -6.2445E-01  0.0000E+00 -6.2445E-01 -1.4940E-01
  4.6200E+02  1.4367E+01  8.3555E-03 -1.6793E-02  1.3398E+01  9.3872E+00  4.0108E+00  1.9883E-01
  4.6300E+02  2.1713E+01  2.5069E-02 -4.8668E-03  2.0635E+01  1.4432E+01  6.2029E+00  3.7129E-01
  4.6400E+02  2.5160E+01  1.9337E-01  2.0594E-01  2.4592E+01  1.7049E+01  7.5431E+00  5.9267E-01
  4.6500E+02  2.6455E+01  1.4051E+00  1.7173E+00  2.9019E+01  1.8310E+01  1.0709E+01  1.6851E+00
  4.6600E+02  2.6575E+01  6.9562E-01  6.7697E-01  2.7174E+01  1.8816E+01  8.3577E+00  8.6494E-01
  4.6700E+02  2.6067E+01 -3.5846E-01 -6.8971E-01  2.4045E+01  1.8904E+01  5.1408E+00 -2.4079E-01
  4.6800E+02  2.5235E+01  2.2754E-01  1.5973E-01  2.5106E+01  1.8762E+01  6.3439E+00  3.2594E-01
  4.6900E+02  2.4248E+01  1.0655E+00  1.0623E+00  2.6261E+01  1.8496E+01  7.7654E+00  9.8105E-01
  4.7000E+02  2.3200E+01 -4.7704E-01 -7.4837E-01  2.1333E+01  1.8164E+01  3.1693E+00 -5.7007E-01
  4.7100E+02  2.2142E+01  1.1423E+00  1.0340E+00  2.4573E+01  1.7799E+01  6.7738E+00  8.7665E-01
  4.7200E+02  2.1101E+01 -1.7132E+00 -2.0071E+00  1.6318E+01  1.7421E+01 -1.1026E+00 -1.8245E+00
  4.7300E+02  2.0092E+01  1.0655E+00  1.0266E+00  2.2964E+01  1.7038E+01  5.9259E+00  8.1635E-01
  4.7400E+02  1.6461E+01 -9.4107E-01 -9.9962E-01  1.4390E+01  1.5549E+01 -1.1592E+00 -1.1917E+00
  4.7500E+02  9.0128E+00 -4.3991E-01 -4.5761E-01  8.9000E+00  1.1780E+01 -2.8804E+00 -7.6943E-01
  4.7600E+02  4.9336E+00 -5.8284E-01 -5.7601E-01  4.1904E+00  8.9238E+00 -4.7334E+00 -8.2436E-01
  4.7700E+02  2.7006E+00 -5.1484E-01 -4.0056E-01  2.2517E+00  6.7599E+00 -4.5082E+00 -5.2541E-01
  4.7800E+02  1.4783E+00 -4.5840E-01 -3.4352E-01  8.9925E-01  5.1207E+00 -4.2214E+00 -3.6545E-01
  4.7900E+02  8.0924E-01 -5.8284E-01 -5.1584E-01 -7.6163E-01  3.8790E+00 -4.6406E+00 -4.7249E-01
  4.8000E+02  0.0000E+00  0.0000E+00  0.0000E+00  0.0000E+00  0.0000E+00  0.0000E+00  0.0000E+00
  4.8100E+02  0.0000E+00 -1.2566E-01 -6.6289E-02 -2.7706E-01  0.0000E+00 -2.7706E-01 -6.6289E-02
  4.8200E+02  1.6194E+01 -9.2039E-02 -7.9454E-02  1.4937E+01  9.3878E+00  5.5492E+00  2.1385E-01
  4.8300E+02  2.4497E+01 -2.7064E-01 -4.4817E-01  2.2370E+01  1.4434E+01  7.9361E+00  1.8141E-01
  4.8400E+02  2.8417E+01  3.7634E-01  2.3770E-01  2.7784E+01  1.7052E+01  1.0732E+01  7.5321E-01
  4.8500E+02  2.9914E+01  2.0537E+00  2.7791E+00  3.3748E+01  1.8315E+01  1.5433E+01  2.3404E+00
  4.8600E+02  3.0088E+01  6.3310E-01  7.6291E-01  3.0535E+01  1.8823E+01  1.1712E+01  9.9614E-01
  4.8700E+02  2.9552E+01  2.4473E-01 -2.8680E-03  2.8792E+01  1.8913E+01  9.8792E+00  4.0692E-01
  4.8800E+02  2.8648E+01 -8.3652E-02 -4.2004E-01  2.7233E+01  1.8772E+01  8.4606E+00  1.4319E-02
  4.8900E+02  2.7567E+01  3.9434E-01  4.1451E-01  2.7830E+01  1.8508E+01  9.3224E+00  4.8841E-01
  4.9000E+02  2.6414E+01  1.6449E+00  1.8243E+00  2.9673E+01  1.8177E+01  1.1496E+01  1.4432E+00
  4.9100E+02  2.5246E+01 -5.1484E-01 -8.9050E-01  2.3075E+01  1.7814E+01  5.2607E+00 -6.6465E-01
  4.9200E+02  2.4095E+01  6.4335E-01  7.2979E-01  2.5532E+01  1.7437E+01  8.0948E+00  5.1960E-01
  4.9300E+02  2.2978E+01 -1.6134E+00 -1.8778E+00  1.8616E+01  1.7056E+01  1.5599E+00 -1.6516E+00
  4.9400E+02  1.8939E+01 -1.0043E-01 -3.0125E-01  1.8537E+01  1.5572E+01  2.9650E+00 -5.6045E-01
  4.9500E+02  1.0559E+01 -1.4252E-01 -1.5256E-01  1.1197E+01  1.1812E+01 -6.1518E-01 -5.4297E-01
  4.9600E+02  5.8855E+00 -1.2566E-01 -5.1046E-02  6.9259E+00  8.9589E+00 -2.0330E+00 -3.3632E-01
  4.9700E+02  3.2806E+00 -8.3652E-02  3.2671E-02  4.4351E+00  6.7949E+00 -2.3598E+00 -1.1372E-01
  4.9800E+02  1.8286E+00 -7.2791E-01 -5.0326E-01  5.6404E-01  5.1536E+00 -4.5896E+00 -5.7156E-01
  4.9900E+02  1.0193E+00 -1.5943E-01 -5.4655E-02  1.3267E+00  3.9087E+00 -2.5820E+00 -2.0524E-03
  5.0000E+02  0.0000E+00  0.0000E+00  0.0000E+00  0.0000E+00  0.0000E+00  0.0000E+00  0.0000E+00
  5.0100E+02  0.0000E+00  4.1246E-01  3.6073E-01  1.5077E+00  0.0000E+00  1.5077E+00  3.6073E-01
  5.0200E+02  1.2179E+01  7.2791E-01  8.1872E-01  1.4251E+01  9.3709E+00  4.8801E+00  8.5708E-01
  5.0300E+02  1.8441E+01  9.2039E-02  3.2740E-01  1.8683E+01  1.4378E+01  4.3051E+00  4.5301E-01
  5.0400E+02  2.1415E+01 -5.8521E-02  7.9701E-02  2.1009E+01  1.6946E+01  4.0630E+00  2.5755E-01
  5.0500E+02  2.2570E+01 -5.4367E-01 -5.3583E-01  2.0798E+01  1.8154E+01  2.6440E+00 -2.7480E-01
  5.0600E+02  2.2730E+01  6.9562E-01  8.5048E-01  2.4266E+01  1.8606E+01  5.6603E+00  8.7751E-01
  5.0700E+02  2.2355E+01  2.4473E-01  2.0826E-01  2.2509E+01  1.8640E+01  3.8693E+00  2.9561E-01
  5.0800E+02  2.1701E+01  1.8808E+00  1.8323E+00  2.5867E+01  1.8445E+01  7.4218E+00  1.6970E+00
  5.0900E+02  2.0912E+01 -1.5274E+00 -1.6718E+00  1.6664E+01  1.8128E+01 -1.4643E+00 -1.4599E+00
  5.1000E+02  2.0067E+01 -1.1918E+00 -1.3599E+00  1.6596E+01  1.7748E+01 -1.1522E+00 -1.2314E+00
  5.1100E+02  1.9208E+01  1.0222E+00  9.3262E-01  2.1713E+01  1.7338E+01  4.3750E+00  8.5842E-01
  5.1200E+02  1.8360E+01 -3.9434E-01 -4.6859E-01  1.7280E+01  1.6916E+01  3.6399E-01 -4.7588E-01
  5.1300E+02  1.7534E+01  5.1484E-01  3.8511E-01  1.8856E+01  1.6492E+01  2.3636E+00  3.1932E-01
  5.1400E+02  1.4540E+01 -2.2754E-01 -2.8952E-01  1.4259E+01  1.4861E+01 -6.0213E-01 -3.8382E-01
  5.1500E+02  8.2552E+00 -1.5097E-01 -2.7463E-01  8.3436E+00  1.0837E+01 -2.4930E+00 -3.8370E-01
  5.1600E+02  4.6861E+00 -7.3885E-01 -7.9337E-01  2.7162E+00  7.9008E+00 -5.1846E+00 -8.9054E-01
  5.1700E+02  2.6601E+00 -1.0803E+00 -9.4302E-01 -2.2647E-01  5.7603E+00 -5.9868E+00 -9.9399E-01
  5.1800E+02  1.5100E+00 -3.7634E-01 -3.0277E-01  9.1058E-01  4.1998E+00 -3.2892E+00 -2.6789E-01
  5.1900E+02  8.5715E-01 -5.7297E-01 -5.0221E-01 -7.6718E-01  3.0620E+00 -3.8292E+00 -4.4649E-01
  5.2000E+02  0.0000E+00  0.0000E+00  0.0000E+00  0.0000E+00  0.0000E+00  0.0000E+00  0.0000E+00
  5.2100E+02  0.0000E+00 -1.6789E-01 -1.5579E-01 -6.5115E-01  0.0000E+00 -6.5115E-01 -1.5579E-01
  5.2200E+02  6.7864E+00 -1.1108E+00 -1.0374E+00  3.3680E+00  9.3758E+00 -6.0078E+00 -1.0464E+00
  5.2300E+02  1.0469E+01 -1.4514E+00 -1.3476E+00  6.4658E+00  1.4394E+01 -7.9283E+00 -1.3860E+00
  5.2400E+02  1.2414E+01  5.0154E-02  3.7564E-02  1.3054E+01  1.6977E+01 -3.9229E+00  1.4996E-01
  5.2500E+02  1.3389E+01  1.7637E-01  7.5079E-02  1.4153E+01  1.8201E+01 -4.0477E+00  1.9578E-01
  5.2600E+02  1.3821E+01  3.3185E-01  2.1243E-01  1.4996E+01  1.8669E+01 -3.6728E+00  3.4450E-01
  5.2700E+02  1.3951E+01 -1.1264E+00 -1.0865E+00  1.1168E+01  1.8719E+01 -7.5508E+00 -1.1273E+00
  5.2800E+02  1.3915E+01  2.1898E-01  1.3511E-01  1.4822E+01  1.8540E+01 -3.7179E+00  2.3259E-01
  5.2900E+02  1.3786E+01 -1.0655E+00 -1.0998E+00  1.0910E+01  1.8238E+01 -7.3280E+00 -1.1605E+00
  5.3000E+02  1.3609E+01 -1.3409E-01 -5.8190E-02  1.3886E+01  1.7872E+01 -3.9861E+00 -1.0749E-02
  5.3100E+02  1.3405E+01  1.0043E-01  2.3330E-02  1.3911E+01  1.7475E+01 -3.5644E+00  6.6972E-02
  5.3200E+02  1.3189E+01  8.2977E-01  7.2682E-01  1.5853E+01  1.7066E+01 -1.2132E+00  8.2941E-01
  5.3300E+02  1.2967E+01 -1.1264E+00 -1.0078E+00  1.0218E+01  1.6655E+01 -6.4366E+00 -1.0858E+00
  5.3400E+02  1.2087E+01  9.0273E-01  9.3962E-01  1.5392E+01  1.5065E+01  3.2723E-01  9.9418E-01
  5.3500E+02  9.7600E+00 -2.1043E-01 -1.0756E-01  9.4992E+00  1.1112E+01 -1.6129E+00 -1.7293E-01
  5.3600E+02  7.8798E+00  7.5270E-02  2.0021E-01  8.5407E+00  8.1954E+00  3.4527E-01  1.3727E-01
  5.3700E+02  6.3618E+00  3.8532E-01  3.6564E-01  7.5509E+00  6.0443E+00  1.5066E+00  3.1121E-01
  5.3800E+02  5.1363E+00 -6.2293E-01 -6.5548E-01  2.4598E+00  4.4578E+00 -1.9980E+00 -6.8003E-01
  5.3900E+02  4.1468E+00 -2.1043E-01 -3.2625E-01  2.6450E+00  3.2877E+00 -6.4271E-01 -3.3977E-01
  5.4000E+02  0.0000E+00  0.0000E+00  0.0000E+00  0.0000E+00  0.0000E+00  0.0000E+00  0.0000E+00
  5.4100E+02  0.0000E+00  3.0548E-01  3.4176E-01  1.4284E+00  0.0000E+00  1.4284E+00  3.4176E-01
  5.4200E+02  9.5838E+00 -1.7637E-01 -7.2454E-02  9.3231E+00  9.3916E+00 -6.8549E-02 -6.7572E-02
  5.4300E+02  1.4771E+01  5.4367E-01  6.8069E-01  1.6756E+01  1.4447E+01  2.3092E+00  6.7426E-01
  5.4400E+02  1.7499E+01 -1.6134E+00 -1.3357E+00  1.3775E+01  1.7077E+01 -3.3018E+00 -1.2865E+00
  5.4500E+02  1.8851E+01 -7.3885E-01 -7.0031E-01  1.6927E+01  1.8353E+01 -1.4255E+00 -6.6495E-01
  5.4600E+02  1.9437E+01  1.5097E-01  2.5287E-01  1.9989E+01  1.8874E+01  1.1153E+00  2.5309E-01
  5.4700E+02  1.9596E+01  8.6568E-01  8.2646E-01  2.1599E+01  1.8976E+01  2.6225E+00  8.0284E-01
  5.4800E+02  1.9520E+01 -3.0548E-01 -2.0333E-01  1.8851E+01  1.8849E+01  2.0912E-03 -1.8515E-01
  5.4900E+02  1.9315E+01  7.8350E-01  9.3840E-01  2.1585E+01  1.8596E+01  2.9886E+00  9.0972E-01
  5.5000E+02  1.9040E+01  9.1537E-01  7.8737E-01  2.0916E+01  1.8278E+01  2.6381E+00  7.6491E-01
  5.5100E+02  1.8730E+01  9.2039E-02  2.8839E-01  1.9287E+01  1.7926E+01  1.3607E+00  2.8573E-01
  5.5200E+02  1.8403E+01 -3.4069E-01 -4.4046E-01  1.7002E+01  1.7560E+01 -5.5792E-01 -4.1500E-01
  5.5300E+02  1.8069E+01 -1.4051E+00 -1.3058E+00  1.4303E+01  1.7189E+01 -2.8861E+00 -1.2478E+00
  5.5400E+02  1.6750E+01  1.9337E-01  2.3474E-01  1.7097E+01  1.5741E+01  1.3560E+00  2.3305E-01
  5.5500E+02  1.3302E+01  2.9674E-01  2.0689E-01  1.3476E+01  1.2050E+01  1.4262E+00  2.0482E-01
  5.5600E+02  1.0563E+01  8.2977E-01  8.8034E-01  1.2928E+01  9.2229E+00  3.7051E+00  8.5481E-01
  5.5700E+02  8.3875E+00  1.9337E-01  2.8245E-01  8.7864E+00  7.0592E+00  1.7272E+00  2.7690E-01
  5.5800E+02  6.6602E+00 -2.7932E-01 -2.6096E-01  5.1249E+00  5.4031E+00 -2.7818E-01 -2.5083E-01
  5.5900E+02  5.2886E+00  1.4252E-01  1.6884E-01  5.3580E+00  4.1355E+00  1.2225E+00  1.6615E-01
  5.6000E+02  0.0000E+00  0.0000E+00  0.0000E+00  0.0000E+00  0.0000E+00  0.0000E+00  0.0000E+00
  5.6100E+02  0.0000E+00  1.6712E-02  1.0981E-01  4.5896E-01  0.0000E+00  4.5896E-01  1.0981E-01
  5.6200E+02  1.5143E+01 -2.2754E-01 -2.6576E-01  1.3233E+01  9.3832E+00  3.8498E+00  7.0348E-02
  5.6300E+02  2.2782E+01 -3.6738E-01 -5.6245E-01  2.0211E+01  1.4419E+01  5.7923E+00  9.7211E-02
  5.6400E+02  2.6264E+01  1.1264E+00  1.1128E+00  2.7355E+01  1.7023E+01  1.0332E+01  1.4082E+00
  5.6500E+02  2.7461E+01  7.1707E-01  7.9443E-01  2.7990E+01  1.8271E+01  9.7185E+00  1.1445E+00
  5.6600E+02  2.7421E+01  1.6134E+00  1.8789E+00  3.0221E+01  1.8764E+01  1.1457E+01  1.8385E+00
  5.6700E+02  2.6727E+01  9.6742E-01  1.1357E+00  2.8341E+01  1.8839E+01  9.5023E+00  1.2179E+00
  5.6800E+02  2.5703E+01  1.0508E+00  9.2379E-01  2.7167E+01  1.8684E+01  8.4834E+00  9.6973E-01
  5.6900E+02  2.4531E+01 -1.4279E+00 -1.9950E+00  1.9954E+01  1.8404E+01  1.5495E+00 -1.4394E+00
  5.7000E+02  2.3309E+01 -1.0954E+00 -1.4414E+00  1.9986E+01  1.8060E+01  1.9255E+00 -1.1383E+00
  5.7100E+02  2.2090E+01  4.1246E-01  3.2243E-01  2.2995E+01  1.7685E+01  5.3105E+00  2.4465E-01
  5.7200E+02  2.0904E+01 -4.5840E-01 -5.7066E-01  1.9826E+01  1.7295E+01  2.5310E+00 -6.0614E-01
  5.7300E+02  1.9763E+01  2.5335E-01  2.1690E-01  2.0826E+01  1.6902E+01  3.9239E+00  3.2147E-02
  5.7400E+02  1.5733E+01 -4.0338E-01 -6.1482E-01  1.5063E+01  1.5377E+01 -3.1392E-01 -9.2658E-01
  5.7500E+02  7.8991E+00 -7.0630E-01 -6.8051E-01  7.3069E+00  1.1541E+01 -4.2338E+00 -1.1386E+00
  5.7600E+02  3.9651E+00 -3.3185E-01 -1.0090E-01  5.1684E+00  8.6603E+00 -3.4919E+00 -3.9782E-01
  5.7700E+02  1.9904E+00 -7.4987E-01 -5.6114E-01  8.8218E-01  6.4988E+00 -5.6166E+00 -7.6260E-01
  5.7800E+02  9.9911E-01  1.9337E-01  2.9179E-01  2.9423E+00  4.8768E+00 -1.9345E+00  2.9454E-01
  5.7900E+02  5.0152E-01 -1.0803E+00 -9.0524E-01 -2.7838E+00  3.6596E+00 -6.4434E+00 -8.9237E-01
  5.8000E+02  0.0000E+00  0.0000E+00  0.0000E+00  0.0000E+00  0.0000E+00  0.0000E+00  0.0000E+00
  5.8100E+02  0.0000E+00 -1.6789E-01 -2.1602E-01 -9.0287E-01  0.0000E+00 -9.0287E-01 -2.1602E-01
  5.8200E+02  1.3239E+01  1.5274E+00  1.4281E+00  1.7451E+01  9.4055E+00  8.0455E+00  1.3177E+00
  5.8300E+02  2.0385E+01  1.5011E+00  1.7707E+00  2.4578E+01  1.4493E+01  1.0085E+01  1.5193E+00
  5.8400E+02  2.4123E+01  1.6712E-02  1.5661E-01  2.4207E+01  1.7165E+01  7.0424E+00  1.9337E-01
  5.8500E+02  2.5957E+01 -1.3205E+00 -1.7150E+00  2.2163E+01  1.8486E+01  3.6769E+00 -1.2069E+00
  5.8600E+02  2.6730E+01 -6.9562E-01 -7.8136E-01  2.4877E+01  1.9054E+01  5.8225E+00 -4.8665E-01
  5.8700E+02  2.6913E+01 -2.5069E-02 -4.0074E-03  2.6577E+01  1.9204E+01  7.3727E+00  9.5000E-02
  5.8800E+02  2.6771E+01  6.5366E-01  7.5264E-01  2.7905E+01  1.9123E+01  8.7821E+00  6.6019E-01
  5.8900E+02  2.6452E+01 -9.1537E-01 -1.0241E+00  2.4001E+01  1.8915E+01  5.0859E+00 -6.6455E-01
  5.9000E+02  2.6038E+01  4.7704E-01  5.3156E-01  2.6700E+01  1.8640E+01  8.0604E+00  5.0558E-01
  5.9100E+02  2.5576E+01  8.7790E-01  9.7060E-01  2.7140E+01  1.8329E+01  8.8107E+00  8.4571E-01
  5.9200E+02  2.5092E+01  1.7908E+00  2.2517E+00  2.9381E+01  1.8003E+01  1.1378E+01  1.8431E+00
  5.9300E+02  2.4600E+01  1.1585E+00  1.3012E+00  2.6894E+01  1.7669E+01  9.2245E+00  1.1189E+00
  5.9400E+02  2.2669E+01 -1.1264E+00 -1.4166E+00  1.8749E+01  1.6356E+01  2.3932E+00 -1.0461E+00
  5.9500E+02  1.7682E+01  9.0273E-01  5.9453E-01  1.8435E+01  1.2932E+01  5.5029E+00  6.0690E-01
  5.9600E+02  1.3791E+01  8.2977E-01  9.7360E-01  1.5779E+01  1.0224E+01  5.5553E+00  9.6331E-01
  5.9700E+02  1.0756E+01 -1.9337E-01 -2.7550E-01  8.8467E+00  8.0825E+00  7.6421E-01 -1.9069E-01
  5.9800E+02  8.3887E+00 -2.1898E-01 -2.1789E-01  6.6639E+00  6.3897E+00  2.7415E-01 -1.4820E-01
  5.9900E+02  6.5425E+00  7.9491E-01  8.8852E-01  8.8855E+00  5.0515E+00  3.8340E+00  9.1180E-01
  6.0000E+02  0.0000E+00  0.0000E+00  0.0000E+00  0.0000E+00  0.0000E+00  0.0000E+00  0.0000E+00
  6.0100E+02  0.0000E+00 -4.7704E-01 -4.2638E-01 -1.7821E+00  0.0000E+00 -1.7821E+00 -4.2638E-01
  6.0200E+02  2.1364E+01  4.2158E-01 -2.7537E-01  1.8485E+01  9.4062E+00  9.0788E+00  7.9585E-01
  6.0300E+02  3.1690E+01  2.0537E+00  2.3029E+00  3.3277E+01  1.4495E+01  1.8782E+01  2.9772E+00
  6.0400E+02  3.5958E+01  2.2164E+00  2.1328E+00  3.6978E+01  1.7169E+01  1.9809E+01  2.9733E+00
  6.0500E+02  3.6949E+01  1.9322E+00  1.1626E+00  3.7037E+01  1.8493E+01  1.8544E+01  2.3912E+00
  6.0600E+02  3.6212E+01  1.6134E+00  8.2471E-01  3.6272E+01  1.9064E+01  1.7208E+01  1.9160E+00
  6.0700E+02  3.4606E+01  1.1108E+00  6.9631E-01  3.4936E+01  1.9217E+01  1.5719E+01  1.4691E+00
  6.0800E+02  3.2604E+01 -2.7932E-01 -1.4446E+00  3.0204E+01  1.9138E+01  1.1066E+01 -1.1201E-01
  6.0900E+02  3.0466E+01 -1.0043E-01 -4.9272E-01  2.9828E+01  1.8932E+01  1.0896E+01  1.9114E-02
  6.1000E+02  2.8329E+01 -4.0338E-01 -6.7904E-01  2.7691E+01  1.8659E+01  9.0317E+00 -4.6461E-01
  6.1100E+02  2.6266E+01 -6.8502E-01 -9.8929E-01  2.5313E+01  1.8351E+01  6.9617E+00 -1.0124E+00
  6.1200E+02  2.4310E+01 -1.0508E+00 -1.2614E+00  2.3014E+01  1.8027E+01  4.9873E+00 -1.5170E+00
  6.1300E+02  2.2476E+01 -1.2265E+00 -1.3064E+00  2.1266E+01  1.7696E+01  3.5703E+00 -1.8151E+00
  6.1400E+02  1.6353E+01 -5.8521E-02  3.6407E-01  2.0363E+01  1.6390E+01  3.9733E+00 -8.9200E-01
  6.1500E+02  6.2590E+00 -2.6198E-01  4.1532E-01  1.1131E+01  1.2981E+01 -1.8504E+00 -1.1830E+00
  6.1600E+02  2.3948E+00 -2.3613E-01  6.1105E-01  6.9905E+00  1.0281E+01 -3.2901E+00 -6.6038E-01
  6.1700E+02  9.1632E-01 -3.4069E-01  4.4846E-01  3.9159E+00  8.1417E+00 -4.2258E+00 -3.9760E-01
  6.1800E+02  3.5060E-01 -3.6738E-01  1.7947E-01  1.6638E+00  6.4477E+00 -4.7839E+00 -2.7588E-01
  6.1900E+02  1.3415E-01 -2.6198E-01  3.2399E-01  1.7494E+00  5.1063E+00 -3.3569E+00  2.2238E-01
  6.2000E+02  0.0000E+00  0.0000E+00  0.0000E+00  0.0000E+00  0.0000E+00  0.0000E+00  0.0000E+00
  6.2100E+02  0.0000E+00  1.3409E-01  2.3969E-01  1.0018E+00  0.0000E+00  1.0018E+00  2.3969E-01
  6.2200E+02  7.8565E+00 -1.0884E-01 -5.5726E-03  8.0357E+00  9.3837E+00 -1.3480E+00  2.4942E-03
  6.2300E+02  1.2092E+01  5.0154E-02  1.0669E-01  1.2708E+01  1.4420E+01 -1.7125E+00  1.2729E-01
  6.2400E+02  1.4303E+01 -1.6781E+00 -1.4244E+00  1.0325E+01  1.7027E+01 -6.7018E+00 -1.4926E+00
  6.2500E+02  1.5382E+01 -6.0276E-01 -5.5933E-01  1.4064E+01  1.8276E+01 -4.2125E+00 -5.7532E-01
  6.2600E+02  1.5831E+01 -3.7634E-01 -3.6242E-01  1.5101E+01  1.8771E+01 -3.6699E+00 -3.6581E-01
  6.2700E+02  1.5930E+01 -1.3008E+00 -1.0497E+00  1.3224E+01  1.8847E+01 -5.6232E+00 -1.1003E+00
  6.2800E+02  1.5836E+01  1.2816E+00  1.0335E+00  1.9117E+01  1.8694E+01  4.2325E-01  1.1225E+00
  6.2900E+02  1.5637E+01  1.6781E+00  1.4275E+00  2.0069E+01  1.8416E+01  1.6527E+00  1.5400E+00
  6.3000E+02  1.5382E+01 -6.6893E-02 -3.6433E-02  1.5564E+01  1.8074E+01 -2.5098E+00 -2.1621E-02
  6.3100E+02  1.5099E+01  3.8532E-01  3.7461E-01  1.6481E+01  1.7699E+01 -1.2184E+00  4.1392E-01
  6.3200E+02  1.4804E+01 -1.6781E+00 -1.4412E+00  1.0801E+01  1.7311E+01 -6.5103E+00 -1.5138E+00
  6.3300E+02  1.4504E+01 -3.8532E-01 -3.0427E-01  1.3857E+01  1.6920E+01 -3.0627E+00 -3.0853E-01
  6.3400E+02  1.3329E+01  1.2265E+00  1.1124E+00  1.6993E+01  1.5399E+01  1.5938E+00  1.1780E+00
  6.3500E+02  1.0313E+01 -6.9562E-01 -5.8457E-01  8.5125E+00  1.1572E+01 -3.0590E+00 -5.9833E-01
  6.3600E+02  7.9788E+00 -4.8642E-01 -5.5269E-01  6.1176E+00  8.6940E+00 -2.5764E+00 -5.5944E-01
  6.3700E+02  6.1727E+00 -3.6738E-01 -3.6533E-01  4.8748E+00  6.5321E+00 -1.6573E+00 -3.6593E-01
  6.3800E+02  4.7754E+00  2.5069E-02 -4.6652E-02  4.6135E+00  4.9078E+00 -2.9429E-01 -4.4193E-02
  6.3900E+02  3.6944E+00 -4.1789E-02 -5.6339E-02  3.4718E+00  3.6874E+00 -2.1558E-01 -5.2931E-02
  6.4000E+02  0.0000E+00  0.0000E+00  0.0000E+00  0.0000E+00  0.0000E+00  0.0000E+00  0.0000E+00
  6.4100E+02  0.0000E+00 -2.6198E-01 -2.2457E-01 -9.3861E-01  0.0000E+00 -9.3861E-01 -2.2457E-01
  6.4200E+02  4.6855E+00 -9.2814E-01 -9.1731E-01  1.8521E+00  9.3863E+00 -7.5342E+00 -9.0066E-01
  6.4300E+02  7.2517E+00 -3.9434E-01 -5.2532E-01  6.3132E+00  1.4429E+01 -8.1160E+00 -4.0918E-01
  6.4400E+02  8.6312E+00 -7.8350E-01 -7.7717E-01  7.0153E+00  1.7043E+01 -1.0028E+01 -6.8396E-01
  6.4500E+02  9.3466E+00 -3.4069E-01 -4.9421E-01  8.8027E+00  1.8302E+01 -9.4989E+00 -3.2437E-01
  6.4600E+02  9.6906E+00 -4.7704E-01 -5.5718E-01  8.9689E+00  1.8805E+01 -9.8360E+00 -4.0607E-01
  6.4700E+02  9.8272E+00 -6.5366E-01 -6.7074E-01  8.7293E+00  1.8890E+01 -1.0161E+01 -5.5994E-01
  6.4800E+02  9.8483E+00  2.1898E-01  7.7184E-02  1.1263E+01  1.8745E+01 -7.4819E+00  3.6067E-01
  6.4900E+02  9.8054E+00 -8.5359E-01 -8.3424E-01  8.1273E+00  1.8476E+01 -1.0348E+01 -7.9394E-01
  6.5000E+02  9.7273E+00  2.9674E-01  1.5752E-01  1.1378E+01  1.8141E+01 -6.7631E+00  4.1694E-01
  6.5100E+02  9.6303E+00 -6.7449E-01 -6.9306E-01  8.3773E+00  1.7774E+01 -9.3968E+00 -6.4885E-01
  6.5200E+02  9.5232E+00 -5.5338E-01 -4.5759E-01  9.0420E+00  1.7393E+01 -8.3511E+00 -3.7588E-01
  6.5300E+02  9.4112E+00 -8.9025E-01 -9.3510E-01  7.2758E+00  1.7008E+01 -9.7326E+00 -9.6804E-01
  6.5400E+02  8.9546E+00 -6.6404E-01 -6.1066E-01  7.8119E+00  1.5511E+01 -7.6995E+00 -6.1807E-01
  6.5500E+02  7.6913E+00  4.5840E-01  3.5297E-01  9.6615E+00  1.1728E+01 -2.0661E+00  3.9235E-01
  6.5600E+02  6.6054E+00 -6.4335E-01 -5.1458E-01  5.2489E+00  8.8656E+00 -3.6167E+00 -5.5748E-01
  6.5700E+02  5.6729E+00 -7.3885E-01 -6.9998E-01  3.4234E+00  6.7020E+00 -3.2786E+00 -7.2068E-01
  6.5800E+02  4.8720E+00  2.5069E-02 -2.2454E-01  4.2412E+00  5.0664E+00 -8.2522E-01 -2.0946E-01
  6.5900E+02  4.1842E+00 -7.5270E-02 -1.8870E-01  3.5735E+00  3.8300E+00 -2.5650E-01 -1.4885E-01
  6.6000E+02  0.0000E+00  0.0000E+00  0.0000E+00  0.0000E+00  0.0000E+00  0.0000E+00  0.0000E+00
  6.6100E+02  0.0000E+00  9.2039E-02  2.9639E-02  1.2388E-01  0.0000E+00  1.2388E-01  2.9639E-02
  6.6200E+02  7.1640E+00  1.1724E-01  1.7583E-01  8.0261E+00  9.4029E+00 -1.3768E+00  2.0350E-01
  6.6300E+02  1.1064E+01 -1.7637E-01 -2.4413E-01  1.0579E+01  1.4484E+01 -3.9053E+00 -2.2926E-01
  6.6400E+02  1.3136E+01 -8.9025E-01 -8.1925E-01  1.0939E+01  1.7148E+01 -6.2091E+00 -8.5579E-01
  6.6500E+02  1.4187E+01  5.0154E-02  1.5365E-01  1.5004E+01  1.8461E+01 -3.4569E+00  2.1803E-01
  6.6600E+02  1.4667E+01 -2.5069E-02  5.7120E-02  1.5191E+01  1.9020E+01 -3.8295E+00  1.1191E-01
  6.6700E+02  1.4829E+01 -7.5270E-02 -7.3959E-02  1.4960E+01  1.9161E+01 -4.2014E+00 -3.5035E-02
  6.6800E+02  1.4814E+01  2.5335E-01  2.7598E-01  1.5977E+01  1.9071E+01 -3.0942E+00  3.5059E-01
  6.6900E+02  1.4702E+01 -6.2293E-01 -6.1640E-01  1.3207E+01  1.8855E+01 -5.6479E+00 -6.4035E-01
  6.7000E+02  1.4537E+01 -7.1707E-01 -6.7349E-01  1.2856E+01  1.8571E+01 -5.7152E+00 -7.0470E-01
  6.7100E+02  1.4344E+01 -1.5097E-01 -9.1771E-02  1.4392E+01  1.8253E+01 -3.8610E+00 -6.5493E-02
  6.7200E+02  1.4137E+01  7.7219E-01  5.7447E-01  1.6188E+01  1.7919E+01 -1.7307E+00  6.6286E-01
  6.7300E+02  1.3924E+01 -1.1264E+00 -9.7509E-01  1.1270E+01  1.7578E+01 -6.3083E+00 -1.0369E+00
  6.7400E+02  1.3071E+01 -3.3185E-01 -4.5295E-01  1.1940E+01  1.6239E+01 -4.2987E+00 -4.6933E-01
  6.7500E+02  1.0780E+01 -1.1724E-01 -1.5210E-01  1.0470E+01  1.2762E+01 -2.2918E+00 -1.5400E-01
  6.7600E+02  8.8890E+00  4.5840E-01  3.4745E-01  1.0209E+01  1.0028E+01  1.8095E-01  3.5889E-01
  6.7700E+02  7.3299E+00 -2.7932E-01 -3.3937E-01  6.1807E+00  7.8799E+00 -1.6992E+00 -3.3848E-01
  6.7800E+02  6.0443E+00 -6.2293E-01 -6.1221E-01  3.8115E+00  6.1919E+00 -2.3804E+00 -6.0468E-01
  6.7900E+02  4.9842E+00  3.4069E-01  3.5731E-01  6.3227E+00  4.8655E+00  1.4572E+00  3.6858E-01
  6.8000E+02  0.0000E+00  0.0000E+00  0.0000E+00  0.0000E+00  0.0000E+00  0.0000E+00  0.0000E+00
  6.8100E+02  0.0000E+00  1.5097E-01  1.9418E-01  8.1160E-01  0.0000E+00  8.1160E-01  1.9418E-01
  6.8200E+02  1.3001E+01 -3.3428E-02 -2.9562E-02  1.2032E+01  9.3904E+00  2.6416E+00  1.7464E-01
  6.8300E+02  1.9653E+01 -7.5270E-02 -8.6400E-02  1.8392E+01  1.4443E+01  3.9493E+00  2.7922E-01
  6.8400E+02  2.2778E+01  2.3613E-01  2.8873E-01  2.2469E+01  1.7069E+01  5.4000E+00  6.4988E-01
  6.8500E+02  2.3956E+01  1.8339E+00  2.0090E+00  2.7565E+01  1.8341E+01  9.2245E+00  2.0317E+00
  6.8600E+02  2.4071E+01  5.9277E-01  5.9714E-01  2.4711E+01  1.8858E+01  5.8535E+00  8.4125E-01
  6.8700E+02  2.3618E+01 -1.6712E-02 -7.5261E-02  2.2949E+01  1.8956E+01  3.9929E+00  2.2003E-01
  6.8800E+02  2.2870E+01  1.6712E-02 -6.5392E-02  2.2404E+01  1.8824E+01  3.5795E+00  1.5387E-01
  6.8900E+02  2.1982E+01  5.9277E-01  5.2187E-01  2.3093E+01  1.8568E+01  4.5250E+00  5.9809E-01
  6.9000E+02  2.1039E+01  9.2814E-01  6.0378E-01  2.2574E+01  1.8246E+01  4.3283E+00  6.1904E-01
  6.9100E+02  2.0085E+01 -1.5274E+00 -1.9711E+00  1.5325E+01  1.7890E+01 -2.5654E+00 -1.7926E+00
  6.9200E+02  1.9147E+01 -7.5270E-02 -1.7477E-01  1.9093E+01  1.7521E+01  1.5724E+00 -1.9441E-01
  6.9300E+02  1.8237E+01 -1.3616E+00 -1.5822E+00  1.4554E+01  1.7146E+01 -2.5925E+00 -1.5861E+00
  6.9400E+02  1.4960E+01 -4.0338E-01 -4.4563E-01  1.4750E+01  1.5687E+01 -9.3683E-01 -6.4802E-01
  6.9500E+02  8.2217E+00 -1.0884E-01 -1.1286E-01  9.6497E+00  1.1973E+01 -2.3237E+00 -4.3283E-01
  6.9600E+02  4.5174E+00 -1.1585E+00 -9.6609E-01  2.5588E+00  9.1377E+00 -6.5789E+00 -1.3514E+00
  6.9700E+02  2.4821E+00 -2.8802E-01 -1.3174E-01  3.3053E+00  6.9737E+00 -3.6684E+00 -3.5490E-01
  6.9800E+02  1.3638E+00 -2.5069E-02  2.0055E-01  3.1394E+00  5.3221E+00 -2.1827E+00  8.5915E-02
  6.9900E+02  7.4936E-01 -2.7932E-01 -7.7417E-02  1.0777E+00  4.0617E+00 -2.9840E+00 -1.4401E-01
  7.0000E+02  0.0000E+00  0.0000E+00  0.0000E+00  0.0000E+00  0.0000E+00  0.0000E+00  0.0000E+00
  7.0100E+02  0.0000E+00 -4.1789E-02  6.7074E-02  2.8034E-01  0.0000E+00  2.8034E-01  6.7074E-02
  7.0200E+02  6.1046E+00 -5.8284E-01 -5.6551E-01  4.4857E+00  9.3978E+00 -4.9121E+00 -5.1104E-01
  7.0300E+02  9.4566E+00 -1.3008E+00 -1.2555E+00  5.8377E+00  1.4467E+01 -8.6295E+00 -1.2422E+00
  7.0400E+02  1.1267E+01 -1.0954E+00 -1.0768E+00  8.4950E+00  1.7116E+01 -8.6206E+00 -1.0338E+00
  7.0500E+02  1.2215E+01  1.4252E-01 -4.2858E-02  1.2838E+01  1.8411E+01 -5.5734E+00  1.6564E-01
  7.0600E+02  1.2680E+01 -1.1918E+00 -1.2199E+00  9.6088E+00  1.8953E+01 -9.3446E+00 -1.2186E+00
  7.0700E+02  1.2875E+01  6.2293E-01  3.7782E-01  1.4801E+01  1.9077E+01 -4.2758E+00  6.3012E-01
  7.0800E+02  1.2920E+01  1.4514E+00  9.1884E-01  1.6512E+01  1.8970E+01 -2.4575E+00  1.2358E+00
  7.0900E+02  1.2881E+01  7.9491E-01  6.1435E-01  1.5501E+01  1.8737E+01 -3.2356E+00  8.5398E-01
  7.1000E+02  1.2796E+01 -7.6098E-01 -5.8440E-01  1.1642E+01  1.8437E+01 -6.7949E+00 -5.5525E-01
  7.1100E+02  1.2686E+01 -1.5943E-01 -1.3359E-01  1.2915E+01  1.8103E+01 -5.1883E+00 -5.8064E-02
  7.1200E+02  1.2562E+01 -1.4051E+00 -1.3657E+00  8.8827E+00  1.7754E+01 -8.8715E+00 -1.4828E+00
  7.1300E+02  1.2432E+01 -4.4914E-01 -2.8553E-01  1.2124E+01  1.7400E+01 -5.2758E+00 -2.7080E-01
  7.1400E+02  1.1896E+01 -9.2814E-01 -7.5499E-01  9.9651E+00  1.6010E+01 -6.0448E+00 -8.5140E-01
  7.1500E+02  1.0394E+01  2.8802E-01  4.8013E-01  1.2196E+01  1.2432E+01 -2.3610E-01  3.8751E-01
  7.1600E+02  9.0806E+00  4.8642E-01  5.4477E-01  1.0926E+01  9.6526E+00  1.2734E+00  4.1723E-01
  7.1700E+02  7.9330E+00  3.3428E-02  1.1232E-01  8.1208E+00  7.4945E+00  6.2629E-01 -5.5178E-03
  7.1800E+02  6.9305E+00  3.2304E-01  3.6829E-01  7.9105E+00  5.8189E+00  2.0916E+00  2.7237E-01
  7.1900E+02  6.0546E+00  3.8532E-01  4.1159E-01  7.1146E+00  4.5180E+00  2.5966E+00  3.4351E-01
  7.2000E+02  0.0000E+00  0.0000E+00  0.0000E+00  0.0000E+00  0.0000E+00  0.0000E+00  0.0000E+00
  7.2100E+02  0.0000E+00  1.9337E-01  1.2964E-01  5.4183E-01  0.0000E+00  5.4183E-01  1.2964E-01
  7.2200E+02  7.8351E+00  8.3652E-02  9.5443E-02  8.4127E+00  9.4018E+00 -9.8909E-01  1.3664E-01
  7.2300E+02  1.2124E+01  3.7634E-01  4.1844E-01  1.3780E+01  1.4481E+01 -7.0060E-01  5.0546E-01
  7.2400E+02  1.4428E+01  1.0884E-01  1.5461E-01  1.5235E+01  1.7141E+01 -1.9061E+00  2.4218E-01
  7.2500E+02  1.5621E+01 -7.3885E-01 -6.4346E-01  1.4094E+01  1.8450E+01 -4.3562E+00 -6.0374E-01
  7.2600E+02  1.6193E+01  5.7297E-01  5.2030E-01  1.7997E+01  1.9006E+01 -1.0090E+00  6.2901E-01
  7.2700E+02  1.6417E+01  5.2440E-01  4.1160E-01  1.7881E+01  1.9143E+01 -1.2621E+00  5.0481E-01
  7.2800E+02  1.6449E+01 -1.6134E+00 -1.4860E+00  1.2514E+01  1.9049E+01 -6.5352E+00 -1.5135E+00
  7.2900E+02  1.6374E+01 -1.3008E+00 -1.2646E+00  1.3030E+01  1.8829E+01 -5.7993E+00 -1.2849E+00
  7.3000E+02  1.6239E+01  4.1246E-01  5.2061E-01  1.7938E+01  1.8542E+01 -6.0415E-01  5.8673E-01
  7.3100E+02  1.6073E+01  3.4956E-01  3.6893E-01  1.7317E+01  1.8221E+01 -9.0362E-01  4.1682E-01
  7.3200E+02  1.5891E+01 -3.9434E-01 -2.9507E-01  1.5202E+01  1.7883E+01 -2.6811E+00 -2.8629E-01
  7.3300E+02  1.5700E+01 -1.0222E+00 -9.3438E-01  1.3130E+01  1.7540E+01 -4.4097E+00 -9.5827E-01
  7.3400E+02  1.4924E+01 -1.9337E-01 -6.4637E-02  1.4758E+01  1.6189E+01 -1.4311E+00 -7.7821E-02
  7.3500E+02  1.2781E+01  1.1585E+00  1.0683E+00  1.5875E+01  1.2690E+01  3.1850E+00  1.0174E+00
  7.3600E+02  1.0945E+01  5.3401E-01  3.5907E-01  1.1659E+01  9.9459E+00  1.7131E+00  3.0458E-01
  7.3700E+02  9.3719E+00  1.3409E-01  1.9001E-01  9.4002E+00  7.7951E+00  1.6051E+00  1.4935E-01
  7.3800E+02  8.0253E+00  1.3409E-01  1.6935E-01  7.8941E+00  6.1095E+00  1.7846E+00  1.4300E-01
  7.3900E+02  6.8722E+00  9.9446E-01  9.8289E-01  9.6308E+00  4.7884E+00  4.8424E+00  9.3204E-01
  7.4000E+02  0.0000E+00  0.0000E+00  0.0000E+00  0.0000E+00  0.0000E+00  0.0000E+00  0.0000E+00
  7.4100E+02  0.0000E+00 -1.1724E-01 -9.5761E-02 -4.0024E-01  0.0000E+00 -4.0024E-01 -9.5761E-02
  7.4200E+02  5.8357E+00  6.6893E-02  1.2042E-01  6.7693E+00  9.3929E+00 -2.6236E+00  1.7161E-01
  7.4300E+02  9.0193E+00  2.7932E-01  2.8606E-01  1.0703E+01  1.4451E+01 -3.7480E+00  4.0289E-01
  7.4400E+02  1.0718E+01 -9.2814E-01 -8.1175E-01  8.8319E+00  1.7085E+01 -8.2528E+00 -8.4581E-01
  7.4500E+02  1.1586E+01 -1.4279E+00 -1.2772E+00  8.2934E+00  1.8365E+01 -1.0071E+01 -1.3972E+00
  7.4600E+02  1.1990E+01  7.9491E-01  6.1327E-01  1.4794E+01  1.8890E+01 -4.0960E+00  8.4428E-01
  7.4700E+02  1.2135E+01  7.3885E-01  5.9674E-01  1.4877E+01  1.8997E+01 -4.1199E+00  8.2327E-01
  7.4800E+02  1.2137E+01  3.5846E-01  1.9616E-01  1.3593E+01  1.8873E+01 -5.2805E+00  3.4284E-01
  7.4900E+02  1.2059E+01 -1.0508E+00 -1.0237E+00  9.6101E+00  1.8625E+01 -9.0149E+00 -1.1029E+00
  7.5000E+02  1.1937E+01  1.6712E-02  2.7414E-02  1.2827E+01  1.8310E+01 -5.4833E+00  1.3185E-01
  7.5100E+02  1.1793E+01  2.7064E-01  6.7322E-02  1.2794E+01  1.7962E+01 -5.1683E+00  1.7269E-01
  7.5200E+02  1.1636E+01 -1.6134E+00 -1.6886E+00  6.9577E+00  1.7599E+01 -1.0642E+01 -1.8737E+00
  7.5300E+02  1.1475E+01 -9.1537E-01 -7.9345E-01  9.6546E+00  1.7232E+01 -7.5773E+00 -8.3363E-01
  7.5400E+02  1.0823E+01 -2.7932E-01 -4.5518E-01  1.0004E+01  1.5796E+01 -5.7916E+00 -4.4885E-01
  7.5500E+02  9.0541E+00 -9.4107E-01 -9.9724E-01  6.1189E+00  1.2127E+01 -6.0080E+00 -1.0310E+00
  7.5600E+02  7.5737E+00  2.3613E-01  1.6450E-01  8.4987E+00  9.3091E+00 -8.1042E-01  2.1072E-01
  7.5700E+02  6.3353E+00 -2.1898E-01 -4.5457E-01  4.8899E+00  7.1460E+00 -2.2561E+00 -4.1642E-01
  7.5800E+02  5.2994E+00  4.7704E-01  2.8467E-01  6.4896E+00  5.4856E+00  1.0040E+00  3.3930E-01
  7.5900E+02  4.4329E+00  2.7932E-01  4.5369E-02  4.6586E+00  4.2110E+00  4.4765E-01  1.0619E-01
  7.6000E+02  0.0000E+00  0.0000E+00  0.0000E+00  0.0000E+00  0.0000E+00  0.0000E+00  0.0000E+00
  7.6100E+02  0.0000E+00  3.0548E-01  3.4293E-01  1.4333E+00  0.0000E+00  1.4333E+00  3.4293E-01
  7.6200E+02  1.3005E+01 -7.3885E-01 -8.1559E-01  1.0420E+01  9.3600E+00  1.0600E+00 -7.0781E-01
  7.6300E+02  1.9954E+01 -3.1425E-01 -3.2407E-01  1.9124E+01  1.4342E+01  4.7824E+00 -2.0236E-01
  7.6400E+02  2.3520E+01 -7.9491E-01 -8.7741E-01  2.1561E+01  1.6877E+01  4.6836E+00 -5.9494E-01
  7.6500E+02  2.5197E+01 -6.6893E-02 -2.4216E-01  2.4694E+01  1.8050E+01  6.6440E+00 -6.2603E-02
  7.6600E+02  2.5825E+01 -2.4473E-01 -2.8867E-01  2.5208E+01  1.8466E+01  6.7422E+00 -7.8251E-02
  7.6700E+02  2.5873E+01  2.9352E+00  3.7121E+00  3.3445E+01  1.8464E+01  1.4981E+01  2.9644E+00
  7.6800E+02  2.5604E+01 -1.2265E+00 -1.7355E+00  2.1875E+01  1.8236E+01  3.6393E+00 -1.1592E+00
  7.6900E+02  2.5166E+01 -2.5069E-02 -1.0494E-01  2.4767E+01  1.7886E+01  6.8809E+00  8.8203E-02
  7.7000E+02  2.4639E+01  1.6449E+00  1.9743E+00  2.8667E+01  1.7475E+01  1.1192E+01  1.7043E+00
  7.7100E+02  2.4071E+01  2.9352E+00  4.0812E+00  3.2780E+01  1.7035E+01  1.5745E+01  3.3732E+00
  7.7200E+02  2.3486E+01 -4.3073E-01 -9.1567E-01  2.1074E+01  1.6586E+01  4.4883E+00 -5.4436E-01
  7.7300E+02  2.2899E+01 -1.9893E+00 -2.6388E+00  1.6422E+01  1.6136E+01  2.8584E-01 -1.9252E+00
  7.7400E+02  2.0638E+01  1.7132E+00  1.5702E+00  2.3942E+01  1.4417E+01  9.5254E+00  1.4787E+00
  7.7500E+02  1.5057E+01  6.9562E-01  5.5490E-01  1.5698E+01  1.0246E+01  5.4521E+00  6.4926E-01
  7.7600E+02  1.0984E+01  7.6098E-01  7.5265E-01  1.2305E+01  7.2807E+00  5.0243E+00  8.1544E-01
  7.7700E+02  8.0131E+00 -1.0884E-01 -6.3343E-02  6.6410E+00  5.1737E+00  1.4673E+00  3.7273E-02
  7.7800E+02  5.8456E+00  3.7634E-01  4.2532E-01  6.3535E+00  3.6764E+00  2.6771E+00  4.7617E-01
  7.7900E+02  4.2643E+00  2.8802E-01  3.2121E-01  4.5520E+00  2.6124E+00  1.9396E+00  3.6065E-01
  7.8000E+02  0.0000E+00  0.0000E+00  0.0000E+00  0.0000E+00  0.0000E+00  0.0000E+00  0.0000E+00
  7.8100E+02  0.0000E+00 -3.6738E-01 -2.1936E-01 -9.1684E-01  0.0000E+00 -9.1684E-01 -2.1936E-01
  7.8200E+02  1.3945E+01 -3.2304E-01 -3.2528E-01  1.2425E+01  9.4038E+00  3.0212E+00 -2.1025E-01
  7.8300E+02  2.1372E+01  7.5270E-02  1.5020E-01  2.1081E+01  1.4487E+01  6.5936E+00  2.6750E-01
  7.8400E+02  2.5159E+01 -5.9277E-01 -6.4282E-01  2.3132E+01  1.7154E+01  5.9781E+00 -2.9464E-01
  7.8500E+02  2.6915E+01  7.0630E-01  1.0060E+00  2.8249E+01  1.8470E+01  9.7791E+00  9.2822E-01
  7.8600E+02  2.7545E+01  1.8339E+00  2.2690E+00  3.1272E+01  1.9033E+01  1.2239E+01  1.8200E+00
  7.8700E+02  2.7553E+01 -9.0273E-01 -1.2851E+00  2.4474E+01  1.9177E+01  5.2973E+00 -7.4558E-01
  7.8800E+02  2.7222E+01  7.9491E-01  8.7356E-01  2.8331E+01  1.9090E+01  9.2414E+00  7.9525E-01
  7.8900E+02  2.6711E+01  3.6738E-01  5.0397E-01  2.7141E+01  1.8876E+01  8.2647E+00  5.1020E-01
  7.9000E+02  2.6107E+01  7.1707E-01  8.1350E-01  2.7214E+01  1.8596E+01  8.6185E+00  7.2849E-01
  7.9100E+02  2.5461E+01  0.0000E+00 -6.9085E-02  2.4786E+01  1.8280E+01  6.5058E+00  4.1990E-02
  7.9200E+02  2.4799E+01  1.3616E+00  1.3679E+00  2.7226E+01  1.7948E+01  9.2775E+00  1.1432E+00
  7.9300E+02  2.4137E+01 -1.1264E+00 -1.4320E+00  2.0500E+01  1.7611E+01  2.8893E+00 -1.0771E+00
  7.9400E+02  2.1600E+01 -3.8532E-01 -8.2807E-01  1.9212E+01  1.6280E+01  2.9317E+00 -6.9072E-01
  7.9500E+02  1.5428E+01  1.9893E+00  1.8275E+00  2.0613E+01  1.2822E+01  7.7908E+00  1.6324E+00
  7.9600E+02  1.1018E+01 -9.2814E-01 -1.1706E+00  7.2206E+00  1.0097E+01 -2.8767E+00 -1.2063E+00
  7.9700E+02  7.8681E+00 -1.4252E-01 -1.3302E-01  7.5401E+00  7.9515E+00 -4.1136E-01 -1.7563E-01
  7.9800E+02  5.6189E+00  3.9434E-01  3.4908E-01  7.1073E+00  6.2617E+00  8.4564E-01  3.3688E-01
  7.9900E+02  4.0127E+00  2.8802E-01  3.1598E-01  5.4313E+00  4.9310E+00  5.0034E-01  3.2864E-01
